CABra dataset - Additional attributes
 
longitude_centroid and latitude_centroid are the XY coordinates of the catchment centroid.
dist_coast is the distance to the nearest coast.
 
  CABra ID	     ANA ID	   longitude_centroid	    latitude_centroid	 dist_coast
          	           	                   dd	                   dd	         km
         1	   13880000	              -68.028	               -8.989	    1407.55
         2	   14110000	              -66.695	                2.016	    1009.09
         3	   14230000	              -68.936	                1.573	    1009.70
         4	   14250000	              -67.305	                1.734	    1095.42
         5	   14260000	              -70.894	                1.201	     964.52
         6	   14280001	              -70.710	                1.129	    1040.41
         7	   14300000	              -70.060	                0.296	     909.13
         8	   14330000	              -68.245	                1.383	    1139.56
         9	   14420000	              -67.828	                0.792	    1026.96
        10	   14495000	              -62.962	                3.426	     417.68
        11	   14515000	              -62.509	                3.530	     409.61
        12	   14550000	              -60.494	                4.678	     319.73
        13	   14680001	              -62.720	                2.730	     495.35
        14	   14710000	              -61.612	                3.265	     574.54
        15	   15030000	              -69.870	               -4.089	     755.96
        16	   15050000	              -59.026	              -15.051	    1222.10
        17	   15120001	              -59.855	              -15.672	    1168.84
        18	   15250000	              -63.306	              -15.528	     995.24
        19	   15320002	              -65.023	              -14.740	    1090.48
        20	   15430000	              -63.177	              -10.483	    1237.37
        21	   15431000	              -62.814	               -9.971	    1246.87
        22	   15432000	              -63.401	              -10.017	    1233.50
        23	   15550000	              -63.670	               -9.660	    1282.34
        24	   15558000	              -61.032	              -12.395	    1240.97
        25	   15560000	              -61.455	              -11.849	    1241.38
        26	   15580000	              -61.743	              -11.055	    1316.47
        27	   15630000	              -64.794	              -14.045	    1316.36
        28	   15700000	              -64.654	              -13.709	    1061.74
        29	   15750000	              -59.373	              -11.025	    1207.95
        30	   15800000	              -59.667	               -9.543	    1105.46
        31	   15830000	              -60.165	               -9.876	    1077.87
        32	   15910000	              -58.970	               -7.578	     908.86
        33	   16700000	              -55.915	                2.391	     381.85
        34	   17050001	              -67.141	               -6.525	     313.90
        35	   17090000	              -55.277	               -0.466	     240.72
        36	   17093000	              -58.918	              -13.146	    1246.23
        37	   17120000	              -56.680	              -13.121	    1216.52
        38	   17200000	              -54.726	              -14.266	    1353.80
        39	   17280000	              -55.437	              -13.274	    1159.95
        40	   17340000	              -55.536	              -12.492	     993.31
        41	   17345000	              -54.850	               -9.249	     891.90
        42	   17350000	              -54.765	               -9.607	     940.20
        43	   17730000	              -56.962	              -10.068	     466.58
        44	   18200000	              -54.476	               -0.755	     188.79
        45	   18250000	              -53.741	               -3.933	     248.42
        46	   18280000	              -55.103	                2.023	     376.20
        47	   18420000	              -54.517	              -13.663	    1272.07
        48	   18460000	              -53.200	              -11.464	     517.85
        49	   18650000	              -54.738	               -7.413	     491.15
        50	   18850000	              -53.233	               -9.003	     168.86
        51	   19100000	              -52.534	                0.150	      95.51
        52	   19150000	              -53.524	                0.989	      93.30
        53	   20050000	              -48.181	              -15.279	     993.69
        54	   20250000	              -49.591	              -15.779	    1007.05
        55	   21500000	              -46.823	              -14.545	     831.45
        56	   21850000	              -46.613	              -12.260	     885.47
        57	   22680000	              -46.763	              -10.346	     803.64
        58	   22700000	              -46.811	              -10.323	     808.69
        59	   22900000	              -47.199	              -10.169	     754.85
        60	   23100000	              -47.864	              -12.536	     656.72
        61	   23250000	              -46.981	               -8.223	     565.59
        62	   23300000	              -47.817	              -12.006	     540.00
        63	   23600000	              -47.793	              -11.753	     440.59
        64	   23700000	              -47.775	              -11.604	     405.91
        65	   24050000	              -53.211	              -17.658	    1005.85
        66	   24200000	              -52.753	              -16.992	    1068.02
        67	   24500000	              -53.537	              -16.539	    1141.68
        68	   24700000	              -52.938	              -16.537	    1076.78
        69	   24750000	              -51.434	              -16.809	     994.86
        70	   24780000	              -51.861	              -16.701	    1002.76
        71	   24800000	              -51.628	              -16.613	    1055.20
        72	   24850000	              -52.602	              -16.539	    1068.38
        73	   24900000	              -50.821	              -16.744	     949.26
        74	   24950000	              -50.756	              -16.428	    1023.94
        75	   25130000	              -50.455	              -15.856	    1031.22
        76	   25200000	              -52.028	              -16.323	    1110.86
        77	   25700000	              -51.802	              -16.052	    1223.60
        78	   25950000	              -51.414	              -15.619	    1172.03
        79	   26050000	              -54.087	              -15.283	    1185.27
        80	   26100000	              -53.729	              -15.182	    1198.61
        81	   26300000	              -52.650	              -14.485	    1075.20
        82	   26350000	              -52.279	              -14.220	     997.03
        83	   27500000	              -51.127	              -13.295	     622.40
        84	   28150000	              -48.662	               -7.371	     509.17
        85	   28300000	              -50.909	              -12.604	     430.76
        86	   28850000	              -50.831	              -12.424	     368.23
        87	   29050000	              -49.463	              -11.896	     299.61
        88	   29100000	              -50.165	               -6.180	     315.62
        89	   29700000	              -49.502	              -11.391	     119.69
        90	   30300000	              -52.583	                1.397	     132.88
        91	   30400000	              -52.122	                1.410	      82.99
        92	   31700000	              -48.218	               -3.808	     119.67
        93	   32450002	              -46.751	               -2.048	      71.72
        94	   32620000	              -47.011	               -3.402	      69.08
        95	   32740000	              -46.040	               -2.391	      75.57
        96	   32830000	              -45.983	               -3.069	     102.13
        97	   33025000	              -46.972	               -5.244	     283.79
        98	   33170000	              -45.999	               -4.763	     136.45
        99	   33190000	              -46.400	               -4.457	      84.54
       100	   33205000	              -46.076	               -6.374	     305.64
       101	   33250000	              -45.665	               -5.997	     251.34
       102	   33260000	              -45.585	               -5.902	     202.41
       103	   33270000	              -44.905	               -5.709	     237.41
       104	   33281000	              -45.280	               -5.682	     142.76
       105	   33290000	              -45.237	               -5.613	     102.54
       106	   33321000	              -46.415	               -6.326	     318.83
       107	   33330000	              -46.511	               -5.765	     304.13
       108	   33380000	              -45.942	               -5.343	      70.87
       109	   33420000	              -44.916	               -6.682	     346.44
       110	   33450000	              -45.225	               -6.385	     309.29
       111	   33460000	              -45.115	               -6.318	     306.99
       112	   33480000	              -44.942	               -6.456	     309.69
       113	   33520000	              -43.810	               -6.165	     299.28
       114	   33530000	              -44.472	               -6.207	     247.80
       115	   33550000	              -44.307	               -6.049	     233.71
       116	   33590000	              -44.211	               -5.882	     162.58
       117	   33620000	              -44.095	               -4.921	     159.33
       118	   33630000	              -44.190	               -5.722	     115.60
       119	   33680000	              -44.190	               -5.521	      55.86
       120	   33730000	              -43.351	               -3.977	      96.25
       121	   33760000	              -43.255	               -3.492	      85.42
       122	   33780000	              -43.436	               -3.752	      74.37
       123	   34020000	              -45.913	               -9.735	     662.00
       124	   34060000	              -45.843	               -9.064	     479.94
       125	   34090000	              -44.862	               -8.483	     458.02
       126	   34130000	              -46.487	               -8.505	     493.18
       127	   34170000	              -46.060	               -7.721	     422.92
       128	   34251000	              -44.588	               -9.869	     618.05
       129	   34270000	              -44.342	               -9.342	     459.09
       130	   34770000	              -41.238	               -5.549	     318.56
       131	   34940000	              -42.179	               -4.575	     120.81
       132	   34980000	              -41.865	               -4.293	     100.05
       133	   35260000	              -39.966	               -4.339	     123.41
       134	   36045000	              -40.291	               -6.861	     348.30
       135	   36160000	              -40.090	               -6.550	     274.62
       136	   36250000	              -39.065	               -7.492	     339.23
       137	   36290000	              -39.065	               -7.123	     249.23
       138	   36390000	              -39.434	               -6.503	      95.33
       139	   36580000	              -39.481	               -5.257	     107.26
       140	   37380000	              -38.050	               -7.378	     249.66
       141	   37410000	              -38.155	               -7.134	     219.28
       142	   37470000	              -37.950	               -7.035	     165.07
       143	   37515000	              -36.535	               -6.802	     171.59
       144	   38170000	              -35.946	               -5.652	      21.02
       145	   38485000	              -35.900	               -6.242	      22.56
       146	   38650000	              -35.942	               -6.786	      61.63
       147	   38830000	              -36.904	               -7.867	     174.94
       148	   38850000	              -36.766	               -7.287	     167.16
       149	   38860000	              -36.621	               -7.526	     118.14
       150	   38895000	              -36.353	               -7.496	      14.73
       151	   39084010	              -35.501	               -7.777	      36.01
       152	   39185000	              -35.903	               -8.015	      17.74
       153	   39360000	              -36.265	               -8.318	      46.48
       154	   39540000	              -36.292	               -8.563	      93.98
       155	   39560000	              -36.091	               -8.600	      51.56
       156	   39770000	              -36.234	               -9.022	      15.18
       157	   39980000	              -36.547	               -9.639	      22.91
       158	   40070000	              -45.981	              -20.140	     371.13
       159	   40100000	              -45.864	              -19.973	     418.60
       160	   41650002	              -43.976	              -19.511	     436.71
       161	   41818000	              -43.955	              -19.246	     459.80
       162	   41990000	              -44.106	              -18.825	     538.21
       163	   42210000	              -44.798	              -18.885	     603.76
       164	   42395000	              -46.648	              -17.803	     669.45
       165	   42690001	              -46.718	              -17.090	     681.37
       166	   42980000	              -46.452	              -17.192	     626.71
       167	   43200000	              -45.254	              -18.352	     613.40
       168	   43429998	              -46.414	              -15.423	     736.89
       169	   43670000	              -46.297	              -15.622	     689.68
       170	   43880000	              -46.195	              -15.787	     651.93
       171	   44200000	              -45.371	              -17.950	     614.99
       172	   44250000	              -44.965	              -15.237	     618.73
       173	   44290002	              -45.346	              -17.826	     579.68
       174	   44500000	              -45.299	              -17.718	     523.86
       175	   44540000	              -44.332	              -14.741	     541.26
       176	   44670000	              -43.756	              -16.166	     500.39
       177	   45210000	              -45.249	              -14.662	     571.75
       178	   45260000	              -45.113	              -14.656	     543.84
       179	   45298000	              -45.040	              -17.213	     502.45
       180	   45480000	              -44.934	              -17.008	     467.10
       181	   45910001	              -45.237	              -13.655	     547.92
       182	   45960001	              -45.183	              -13.641	     517.87
       183	   46035000	              -44.938	              -16.600	     468.88
       184	   46105000	              -44.934	              -16.590	     457.36
       185	   46150000	              -44.853	              -16.421	     471.94
       186	   46360000	              -44.720	              -16.174	     493.06
       187	   46550000	              -45.200	              -12.648	     660.34
       188	   46610000	              -45.385	              -12.358	     652.73
       189	   46650000	              -45.339	              -12.310	     617.72
       190	   46675000	              -45.237	              -12.274	     583.38
       191	   46790000	              -45.830	              -11.005	     709.42
       192	   46830000	              -45.631	              -11.018	     641.63
       193	   46870000	              -45.402	              -10.994	     572.91
       194	   46902000	              -45.179	              -11.776	     556.81
       195	   48020000	              -44.280	              -14.490	     399.36
       196	   48290000	              -44.143	              -14.310	     377.32
       197	   48590000	              -43.946	              -14.026	     349.52
       198	   49330000	              -43.499	              -13.605	     161.51
       199	   49370000	              -43.454	              -13.574	     129.57
       200	   49660000	              -43.312	              -13.479	      79.53
       201	   49705000	              -43.299	              -13.472	      47.77
       202	   50191000	              -38.546	              -10.171	      11.73
       203	   50250000	              -38.169	              -10.866	      58.40
       204	   50290000	              -38.063	              -11.051	       8.74
       205	   50420000	              -40.619	              -11.239	     240.03
       206	   50465000	              -40.208	              -10.890	     209.15
       207	   50520000	              -39.742	              -10.824	     152.97
       208	   50540000	              -39.677	              -10.848	     117.77
       209	   50595000	              -39.424	              -10.904	      29.23
       210	   50620000	              -38.687	              -11.677	      79.82
       211	   50660000	              -38.482	              -11.734	       8.70
       212	   50720000	              -38.898	              -12.048	      29.42
       213	   50730000	              -38.729	              -12.043	      39.06
       214	   50740000	              -38.615	              -12.128	      30.72
       215	   51120000	              -41.443	              -13.137	     253.14
       216	   51140000	              -41.678	              -12.459	     262.84
       217	   51170000	              -41.159	              -12.160	     249.44
       218	   51190000	              -41.505	              -12.385	     256.41
       219	   51230000	              -41.127	              -13.219	     223.34
       220	   51240000	              -41.391	              -12.649	     210.93
       221	   51280000	              -41.173	              -12.722	     140.15
       222	   51330000	              -40.975	              -12.594	     103.54
       223	   51430000	              -40.578	              -11.596	     168.21
       224	   51440000	              -40.289	              -11.573	     112.12
       225	   51560000	              -39.236	              -12.859	      15.70
       226	   51795000	              -39.345	              -13.375	       3.02
       227	   54010005	              -43.521	              -17.703	     391.53
       228	   54110002	              -43.185	              -16.703	     394.04
       229	   54150000	              -43.264	              -17.231	     349.02
       230	   54165000	              -42.803	              -16.119	     374.43
       231	   54195000	              -43.017	              -16.914	     336.19
       232	   54230000	              -43.168	              -17.915	     361.86
       233	   54260000	              -42.956	              -17.771	     353.42
       234	   54300000	              -42.452	              -17.581	     333.65
       235	   54390000	              -42.797	              -17.591	     326.10
       236	   54500000	              -42.574	              -17.480	     301.77
       237	   54580000	              -42.707	              -17.069	     253.61
       238	   54590000	              -41.513	              -16.937	     249.87
       239	   54710000	              -42.581	              -17.020	     204.86
       240	   54770000	              -41.197	              -15.965	     183.68
       241	   54780000	              -42.255	              -16.874	     138.06
       242	   54950000	              -42.059	              -16.801	      51.64
       243	   55340000	              -40.056	              -16.837	      38.17
       244	   55360000	              -40.131	              -17.056	      81.84
       245	   55370000	              -40.003	              -17.094	      59.38
       246	   55380000	              -39.975	              -17.106	      43.37
       247	   55460000	              -40.543	              -17.124	     104.62
       248	   55490000	              -40.392	              -17.180	      48.49
       249	   55510000	              -40.039	              -17.644	      28.38
       250	   55520001	              -41.750	              -17.679	     208.86
       251	   55560000	              -41.551	              -17.480	     189.86
       252	   55610000	              -41.386	              -17.846	     166.39
       253	   55630000	              -41.383	              -17.575	     132.66
       254	   55660000	              -40.950	              -17.152	     147.23
       255	   55699998	              -41.190	              -17.537	      89.55
       256	   55790000	              -41.224	              -18.028	     155.40
       257	   55850000	              -41.060	              -18.261	      63.51
       258	   55900000	              -41.005	              -18.803	     123.50
       259	   55920000	              -40.984	              -18.672	      70.71
       260	   55960000	              -40.981	              -18.433	      36.89
       261	   56028000	              -43.588	              -20.798	     223.60
       262	   56055000	              -43.450	              -21.002	     205.12
       263	   56065000	              -43.074	              -21.008	     197.25
       264	   56075000	              -43.393	              -20.869	     224.35
       265	   56085000	              -42.818	              -20.776	     212.05
       266	   56090000	              -42.949	              -20.842	     219.56
       267	   56240000	              -43.433	              -20.492	     251.14
       268	   56335001	              -43.390	              -20.446	     248.27
       269	   56385000	              -42.604	              -20.795	     189.04
       270	   56415000	              -42.624	              -20.579	     208.50
       271	   56484998	              -42.309	              -20.297	     194.90
       272	   56539000	              -42.956	              -20.484	     217.54
       273	   56570000	              -42.260	              -19.841	     219.33
       274	   56610000	              -43.289	              -20.064	     272.04
       275	   56640000	              -43.548	              -20.083	     297.62
       276	   56775000	              -43.352	              -19.037	     299.86
       277	   56800000	              -43.189	              -18.642	     322.42
       278	   56825000	              -43.146	              -19.079	     245.53
       279	   56845000	              -42.858	              -18.733	     288.75
       280	   56846000	              -42.702	              -18.810	     254.22
       281	   56850000	              -42.913	              -19.752	     224.41
       282	   56860000	              -42.944	              -18.335	     303.95
       283	   56870000	              -42.523	              -18.070	     290.80
       284	   56891900	              -42.465	              -18.245	     229.64
       285	   56920000	              -42.738	              -19.385	     191.84
       286	   56940002	              -41.937	              -19.459	     176.43
       287	   56976000	              -41.979	              -20.149	     158.32
       288	   56983000	              -41.770	              -20.258	     132.58
       289	   56990000	              -41.664	              -19.875	     117.93
       290	   56990990	              -41.139	              -20.186	      80.94
       291	   56991500	              -41.174	              -20.090	      81.23
       292	   56992000	              -41.130	              -19.968	     102.21
       293	   56993551	              -40.867	              -19.819	      75.54
       294	   56995500	              -40.787	              -19.190	      79.38
       295	   57130000	              -40.754	              -20.091	      22.41
       296	   57170000	              -40.885	              -20.297	      29.30
       297	   57250000	              -40.904	              -20.518	      32.95
       298	   57300000	              -40.978	              -20.752	      15.95
       299	   57320000	              -40.875	              -20.731	      12.10
       300	   57350000	              -41.392	              -20.310	      87.78
       301	   57360000	              -41.558	              -20.284	      99.50
       302	   57370000	              -41.555	              -20.315	      91.86
       303	   57400000	              -41.503	              -20.346	      86.89
       304	   57420000	              -41.719	              -20.418	     100.24
       305	   57450000	              -41.548	              -20.472	      72.25
       306	   57490000	              -41.218	              -20.428	      54.51
       307	   57550000	              -41.174	              -20.486	      46.63
       308	   57580000	              -41.358	              -20.566	      15.88
       309	   57700000	              -41.943	              -20.548	     118.00
       310	   57720000	              -41.826	              -20.597	     111.79
       311	   57740000	              -41.700	              -20.661	      91.72
       312	   57770000	              -41.629	              -20.958	      76.09
       313	   57830000	              -41.754	              -20.832	      52.39
       314	   57930000	              -41.675	              -20.900	      36.25
       315	   58030000	              -44.868	              -22.879	      37.43
       316	   58060000	              -45.024	              -23.233	      13.34
       317	   58099000	              -45.272	              -23.219	      43.43
       318	   58142200	              -45.825	              -22.966	      70.66
       319	   58183000	              -45.571	              -23.187	      70.52
       320	   58204000	              -45.545	              -23.152	      59.17
       321	   58220000	              -44.883	              -22.753	      51.22
       322	   58258000	              -44.466	              -22.349	      60.00
       323	   58270000	              -44.125	              -22.375	      50.68
       324	   58380001	              -44.995	              -22.878	      60.54
       325	   58405000	              -43.142	              -22.439	      37.98
       326	   58420000	              -42.880	              -22.325	      54.95
       327	   58425000	              -42.881	              -22.290	      53.73
       328	   58434000	              -43.265	              -22.364	      42.46
       329	   58440000	              -43.035	              -22.320	      59.67
       330	   58470000	              -43.630	              -21.540	     128.36
       331	   58480500	              -43.514	              -21.621	     103.07
       332	   58500000	              -43.966	              -21.817	     116.57
       333	   58516500	              -43.763	              -21.807	      98.22
       334	   58520000	              -43.641	              -21.765	      84.36
       335	   58525000	              -44.605	              -22.330	      68.51
       336	   58530000	              -44.530	              -22.288	      72.84
       337	   58535000	              -44.474	              -22.273	      75.95
       338	   58542000	              -44.192	              -22.122	      86.68
       339	   58550001	              -44.170	              -22.190	      90.43
       340	   58560000	              -43.798	              -22.306	      74.18
       341	   58573000	              -43.877	              -22.257	      82.70
       342	   58585000	              -43.996	              -22.171	      79.76
       343	   58610000	              -43.070	              -21.767	      86.53
       344	   58630002	              -44.456	              -22.562	      71.47
       345	   58645000	              -42.676	              -22.143	      78.84
       346	   58658000	              -42.737	              -21.726	     103.03
       347	   58670002	              -42.545	              -21.629	      97.96
       348	   58710000	              -43.409	              -21.246	     153.77
       349	   58720000	              -43.411	              -21.382	     148.46
       350	   58730001	              -43.332	              -21.275	     147.32
       351	   58735000	              -43.235	              -21.274	     154.16
       352	   58755000	              -43.424	              -21.498	     133.90
       353	   58765001	              -43.221	              -21.515	     136.57
       354	   58770000	              -43.104	              -21.310	     144.68
       355	   58795000	              -43.972	              -22.256	      80.74
       356	   58825000	              -42.655	              -22.300	      69.51
       357	   58827000	              -42.581	              -22.274	      62.92
       358	   58850000	              -42.313	              -22.135	      64.24
       359	   58870000	              -42.295	              -21.955	      69.13
       360	   58874000	              -42.282	              -22.045	      73.50
       361	   58910000	              -42.574	              -21.030	     158.89
       362	   58916000	              -42.344	              -20.687	     149.91
       363	   58917000	              -42.352	              -20.749	     148.95
       364	   58920000	              -42.411	              -21.002	     125.70
       365	   58930000	              -42.151	              -20.621	     124.88
       366	   58940000	              -42.230	              -20.965	      92.08
       367	   58960000	              -42.145	              -21.042	      56.72
       368	   58974000	              -43.550	              -22.062	      28.73
       369	   59120000	              -42.514	              -22.412	      53.70
       370	   59125000	              -42.481	              -22.393	      46.09
       371	   59135000	              -42.401	              -22.410	      39.15
       372	   59240000	              -42.637	              -22.482	      31.47
       373	   59355000	              -44.630	              -22.726	      30.90
       374	   59370000	              -44.626	              -22.876	       7.79
       375	   59380000	              -44.820	              -23.205	       5.60
       376	   60010000	              -46.529	              -18.999	     509.92
       377	   60011000	              -46.512	              -18.927	     532.90
       378	   60040000	              -47.456	              -17.027	     634.97
       379	   60100000	              -46.927	              -18.909	     522.62
       380	   60110000	              -47.186	              -18.701	     583.32
       381	   60130000	              -47.385	              -18.868	     555.46
       382	   60145000	              -47.368	              -18.957	     539.45
       383	   60150000	              -47.571	              -18.895	     574.90
       384	   60220000	              -46.797	              -20.014	     417.67
       385	   60250000	              -46.581	              -19.739	     441.29
       386	   60265000	              -46.306	              -19.591	     444.28
       387	   60381000	              -48.038	              -19.200	     575.34
       388	   60432000	              -48.910	              -16.294	     868.87
       389	   60615000	              -48.675	              -18.767	     627.48
       390	   60635000	              -49.530	              -16.236	     898.30
       391	   60640000	              -49.382	              -16.346	     862.59
       392	   60642000	              -49.105	              -16.416	     859.28
       393	   60650000	              -49.300	              -16.404	     852.55
       394	   60653000	              -48.925	              -16.431	     858.22
       395	   60654000	              -48.959	              -16.648	     824.86
       396	   60665000	              -49.336	              -17.027	     795.85
       397	   60680000	              -49.270	              -17.092	     699.48
       398	   60715000	              -49.721	              -16.616	     827.66
       399	   60750000	              -50.210	              -16.674	     858.09
       400	   60765000	              -50.134	              -17.059	     789.28
       401	   60772000	              -49.937	              -17.073	     768.55
       402	   60774000	              -51.413	              -17.295	     873.37
       403	   60778000	              -51.174	              -17.539	     858.65
       404	   60781000	              -51.081	              -17.279	     854.42
       405	   60785005	              -51.118	              -17.662	     846.54
       406	   60790000	              -50.995	              -17.345	     827.19
       407	   60798000	              -50.897	              -17.506	     774.37
       408	   60810000	              -49.807	              -18.015	     745.28
       409	   60845000	              -48.685	              -19.133	     634.08
       410	   60850000	              -48.741	              -19.454	     579.51
       411	   60855000	              -49.070	              -19.344	     638.31
       412	   60870000	              -50.806	              -18.366	     736.25
       413	   60895000	              -51.581	              -17.599	     846.90
       414	   60910000	              -52.663	              -17.445	     948.19
       415	   60925001	              -50.183	              -19.370	     681.26
       416	   60930000	              -52.915	              -18.216	     864.01
       417	   60940000	              -52.769	              -18.209	     832.19
       418	   60950000	              -52.179	              -18.523	     721.15
       419	   60970000	              -52.269	              -18.803	     741.84
       420	   61009000	              -44.372	              -22.107	     109.97
       421	   61012000	              -44.174	              -21.777	     159.93
       422	   61014000	              -44.672	              -22.272	      88.77
       423	   61024000	              -44.645	              -22.174	     108.25
       424	   61031000	              -44.489	              -22.069	     103.88
       425	   61045000	              -44.385	              -21.923	     131.56
       426	   61052000	              -44.285	              -21.860	     132.41
       427	   61060000	              -44.484	              -21.967	     137.84
       428	   61075000	              -44.773	              -21.732	     168.45
       429	   61078000	              -44.776	              -21.615	     186.63
       430	   61085000	              -43.690	              -21.281	     173.38
       431	   61090000	              -43.787	              -21.302	     189.56
       432	   61100000	              -43.903	              -21.499	     164.21
       433	   61105000	              -44.019	              -21.364	     196.04
       434	   61107000	              -43.901	              -21.262	     201.53
       435	   61115000	              -43.954	              -20.983	     209.50
       436	   61122000	              -44.258	              -21.282	     193.11
       437	   61135000	              -44.136	              -21.138	     203.30
       438	   61173000	              -45.232	              -21.447	     195.12
       439	   61267000	              -45.239	              -22.527	      88.21
       440	   61271000	              -45.413	              -22.588	     103.32
       441	   61295000	              -45.628	              -22.562	     117.57
       442	   61460000	              -45.012	              -22.220	     136.01
       443	   61473000	              -44.779	              -22.047	     120.46
       444	   61500000	              -45.299	              -22.092	     145.31
       445	   61510000	              -45.037	              -22.099	     161.85
       446	   61520000	              -45.038	              -21.707	     164.98
       447	   61537000	              -45.110	              -21.977	     181.74
       448	   61610000	              -46.500	              -21.292	     264.39
       449	   61700000	              -46.882	              -20.953	     334.28
       450	   61770000	              -46.918	              -21.125	     312.01
       451	   61800500	              -46.291	              -22.082	     200.90
       452	   61815000	              -46.669	              -21.267	     287.59
       453	   61826000	              -46.837	              -21.309	     279.95
       454	   61830000	              -46.804	              -21.614	     306.05
       455	   61861000	              -46.193	              -22.379	     167.17
       456	   61865000	              -46.311	              -22.346	     179.99
       457	   61879000	              -46.420	              -22.563	     153.14
       458	   61886000	              -46.583	              -22.394	     191.58
       459	   61902000	              -46.876	              -22.228	     252.10
       460	   61912000	              -47.095	              -22.105	     312.82
       461	   61915000	              -47.319	              -21.945	     367.62
       462	   62395000	              -46.857	              -23.199	     105.96
       463	   62600000	              -46.269	              -22.832	     113.46
       464	   62615000	              -46.383	              -22.833	     143.71
       465	   62625000	              -46.546	              -22.724	     136.15
       466	   62665000	              -46.197	              -22.967	      90.89
       467	   62670000	              -46.310	              -23.063	      87.61
       468	   62760130	              -47.877	              -22.250	     245.69
       469	   63350100	              -53.340	              -19.737	     691.37
       470	   63900001	              -54.089	              -20.163	     746.18
       471	   63955000	              -54.018	              -21.149	     605.12
       472	   64065000	              -47.801	              -23.804	     132.10
       473	   64360000	              -49.962	              -24.104	     214.82
       474	   64362000	              -50.025	              -23.860	     265.70
       475	   64380000	              -50.264	              -24.036	     235.96
       476	   64382000	              -50.345	              -23.823	     277.40
       477	   64442800	              -50.616	              -25.361	     180.28
       478	   64447000	              -50.368	              -25.269	     172.05
       479	   64465000	              -50.359	              -25.111	     192.62
       480	   64501000	              -50.441	              -24.683	     291.67
       481	   64507000	              -50.530	              -24.515	     325.80
       482	   64508500	              -50.663	              -23.422	     318.81
       483	   64550000	              -51.792	              -23.212	     437.77
       484	   64613000	              -54.786	              -21.316	     711.01
       485	   64617000	              -54.740	              -21.899	     588.34
       486	   64620000	              -50.977	              -25.391	     222.18
       487	   64625000	              -51.018	              -25.144	     248.99
       488	   64645000	              -51.275	              -24.932	     293.39
       489	   64652000	              -51.135	              -24.288	     309.69
       490	   64655000	              -51.272	              -24.718	     325.60
       491	   64659000	              -52.011	              -24.409	     356.54
       492	   64673000	              -52.347	              -24.120	     388.41
       493	   64675002	              -51.568	              -24.423	     389.32
       494	   64682000	              -52.724	              -23.670	     445.38
       495	   64685000	              -51.729	              -24.265	     457.17
       496	   64693000	              -51.940	              -24.100	     522.06
       497	   64715001	              -55.095	              -22.883	     647.60
       498	   64771500	              -52.262	              -25.045	     409.00
       499	   64773000	              -52.095	              -24.783	     366.46
       500	   64775000	              -52.285	              -24.748	     405.14
       501	   64785000	              -52.606	              -24.435	     429.22
       502	   64795000	              -52.536	              -24.844	     451.48
       503	   64799500	              -52.604	              -24.798	     459.34
       504	   64810000	              -52.803	              -24.011	     472.10
       505	   64815000	              -52.945	              -23.981	     482.70
       506	   64820000	              -52.710	              -24.604	     480.72
       507	   64830000	              -52.847	              -24.572	     522.16
       508	   64843000	              -50.525	              -20.943	     578.08
       509	   65010000	              -49.059	              -25.567	      42.17
       510	   65015400	              -49.113	              -25.648	      52.01
       511	   65025000	              -49.240	              -25.537	      80.06
       512	   65027000	              -49.490	              -25.472	      86.80
       513	   65094500	              -49.463	              -26.273	      83.51
       514	   65095000	              -49.462	              -26.274	      81.00
       515	   65135000	              -49.243	              -25.884	      61.56
       516	   65136550	              -49.313	              -25.891	      75.79
       517	   65220000	              -49.885	              -25.936	     179.48
       518	   65310000	              -50.086	              -26.039	     227.88
       519	   65365000	              -51.186	              -26.287	     242.28
       520	   65925000	              -51.953	              -26.432	     349.22
       521	   65945000	              -52.804	              -26.223	     400.54
       522	   65948000	              -53.056	              -26.275	     422.17
       523	   65960000	              -52.565	              -26.211	     415.13
       524	   65979000	              -53.436	              -25.172	     478.95
       525	   66260001	              -55.824	              -15.003	    1323.59
       526	   67100000	              -57.679	              -18.422	    1017.92
       527	   70100000	              -49.653	              -28.272	      76.12
       528	   70200000	              -49.885	              -28.463	     105.59
       529	   70300000	              -49.856	              -28.090	     116.05
       530	   70500000	              -50.288	              -28.067	     136.63
       531	   71200000	              -49.592	              -27.977	     106.65
       532	   71250000	              -49.468	              -27.852	      92.98
       533	   71300000	              -49.592	              -27.895	     117.71
       534	   71383000	              -49.881	              -27.727	     172.31
       535	   71498000	              -50.618	              -27.080	     208.95
       536	   71550000	              -50.273	              -27.442	     214.09
       537	   72430000	              -51.596	              -28.108	     240.52
       538	   72630000	              -52.029	              -28.034	     261.80
       539	   72680000	              -52.034	              -27.951	     276.91
       540	   72715000	              -50.993	              -26.775	     236.17
       541	   72810000	              -51.107	              -26.848	     259.13
       542	   72870000	              -51.360	              -27.308	     278.74
       543	   73300000	              -51.940	              -26.926	     344.54
       544	   73330000	              -52.037	              -26.931	     353.13
       545	   73350000	              -52.199	              -26.957	     337.70
       546	   73600000	              -51.888	              -26.646	     353.02
       547	   73690001	              -51.781	              -26.817	     325.81
       548	   73765000	              -52.806	              -26.629	     387.58
       549	   73770000	              -52.201	              -26.669	     381.22
       550	   73780000	              -52.947	              -26.511	     395.78
       551	   73820000	              -52.962	              -26.584	     383.37
       552	   73900000	              -53.084	              -26.807	     381.34
       553	   73960000	              -52.434	              -26.693	     367.29
       554	   74100000	              -51.353	              -27.539	     367.18
       555	   74205000	              -52.884	              -27.874	     296.70
       556	   74270000	              -53.018	              -27.843	     362.22
       557	   74295000	              -53.241	              -26.847	     385.97
       558	   74320000	              -53.174	              -26.542	     417.68
       559	   74370000	              -53.482	              -27.670	     375.67
       560	   74460000	              -53.624	              -27.942	     339.64
       561	   74470000	              -53.714	              -27.720	     385.26
       562	   74700000	              -54.279	              -27.892	     404.00
       563	   74750000	              -54.469	              -27.938	     399.07
       564	   74800000	              -52.225	              -27.482	     436.28
       565	   74880000	              -54.467	              -28.089	     401.03
       566	   74900000	              -54.598	              -28.063	     424.22
       567	   75550000	              -52.637	              -27.639	     470.27
       568	   76310000	              -54.840	              -30.833	     306.48
       569	   77150000	              -53.766	              -28.383	     318.12
       570	   81125000	              -49.517	              -24.676	      89.54
       571	   81140000	              -49.229	              -24.952	      78.47
       572	   81200000	              -49.413	              -24.897	      81.60
       573	   82009080	              -48.577	              -25.244	       4.81
       574	   82170000	              -48.906	              -25.406	      10.53
       575	   82320000	              -49.394	              -26.426	      51.03
       576	   82350000	              -49.284	              -26.398	      34.28
       577	   82770000	              -48.938	              -26.347	      15.52
       578	   83050000	              -50.139	              -27.044	     137.05
       579	   83105000	              -49.278	              -27.747	      70.71
       580	   83250000	              -49.474	              -27.610	      95.19
       581	   83300200	              -49.800	              -27.321	     100.04
       582	   83345000	              -50.043	              -26.608	     112.02
       583	   83440000	              -49.877	              -26.771	      89.34
       584	   83660000	              -49.502	              -26.748	      68.35
       585	   83675000	              -49.372	              -26.613	      58.63
       586	   83690000	              -49.772	              -27.103	      58.26
       587	   83800002	              -49.694	              -27.039	      43.68
       588	   83880000	              -48.982	              -26.697	      24.96
       589	   84071000	              -49.077	              -27.554	      30.81
       590	   84095000	              -49.166	              -27.400	      31.21
       591	   84100000	              -48.924	              -27.724	      16.59
       592	   84520000	              -49.102	              -27.866	      43.75
       593	   84551000	              -49.312	              -28.138	      34.63
       594	   84580000	              -49.261	              -28.171	      22.73
       595	   84600000	              -48.963	              -28.049	      16.01
       596	   84853000	              -49.723	              -28.716	      22.11
       597	   85400000	              -53.059	              -28.839	     203.21
       598	   85438000	              -53.591	              -29.696	     201.90
       599	   85480000	              -54.185	              -30.414	     228.82
       600	   85900000	              -53.224	              -29.616	     103.58
       601	   86100000	              -50.181	              -28.893	      95.40
       602	   86160000	              -50.336	              -29.145	      88.27
       603	   86410000	              -51.288	              -28.469	     141.10
       604	   86420000	              -51.622	              -28.561	     150.76
       605	   86480000	              -51.829	              -28.435	     163.73
       606	   86500000	              -51.836	              -28.513	     139.11
       607	   86510000	              -51.094	              -28.801	     108.83
       608	   86560000	              -52.139	              -28.616	     137.77
       609	   86580000	              -52.103	              -28.683	     115.70
       610	   86700000	              -52.071	              -29.080	     109.99
       611	   86745000	              -52.261	              -28.941	     122.25
       612	   87170000	              -50.999	              -29.310	      47.35
       613	   87380000	              -50.638	              -29.619	      40.39
       614	   87382000	              -50.668	              -29.626	      29.88
       615	   87450100	              -51.138	              -30.078	       3.96
       616	   88575000	              -53.410	              -31.749	      96.48
       617	   88750000	              -52.543	              -31.664	      24.30
       618	   88850000	              -52.600	              -31.503	      29.72
       619	   12400000	              -73.800	               -7.515	     570.62
       620	   20200000	              -49.856	              -15.849	     993.41
       621	   21300000	              -46.210	              -14.539	     797.27
       622	   21560000	              -46.513	              -13.309	     825.96
       623	   22050001	              -47.835	              -14.066	    1035.97
       624	   22500000	              -47.992	              -13.343	     777.84
       625	   25100000	              -50.095	              -15.939	     968.77
       626	   26040000	              -54.748	              -15.364	    1248.34
       627	   31490000	              -47.207	               -2.206	     100.46
       628	   31520000	              -47.130	               -2.078	      68.23
       629	   31600000	              -47.120	               -1.687	      81.61
       630	   32400000	              -46.807	               -2.163	      90.15
       631	   33075000	              -46.550	               -4.898	     219.06
       632	   34660000	              -43.898	               -8.236	     319.27
       633	   40040000	              -46.202	              -20.050	     360.30
       634	   40053000	              -45.655	              -20.390	     328.72
       635	   40060001	              -46.159	              -19.801	     379.62
       636	   40150000	              -44.559	              -20.499	     310.10
       637	   40170000	              -45.036	              -20.399	     308.13
       638	   40185000	              -44.950	              -20.426	     311.30
       639	   40269900	              -44.519	              -20.192	     320.38
       640	   40300001	              -44.646	              -19.974	     359.05
       641	   40330000	              -44.745	              -20.268	     366.17
       642	   40500000	              -45.242	              -19.576	     411.60
       643	   40530000	              -45.605	              -19.201	     435.15
       644	   40680000	              -44.151	              -20.787	     247.65
       645	   40740000	              -44.016	              -20.560	     303.67
       646	   40800001	              -44.108	              -20.412	     335.81
       647	   40810350	              -44.496	              -20.094	     315.89
       648	   40810800	              -44.470	              -20.115	     317.40
       649	   40811100	              -44.450	              -20.098	     321.82
       650	   40823500	              -44.467	              -19.997	     331.42
       651	   40850000	              -44.201	              -20.196	     391.87
       652	   40930000	              -46.006	              -19.518	     424.81
       653	   40975000	              -45.798	              -18.840	     516.07
       654	   41050000	              -46.178	              -18.796	     502.62
       655	   41135000	              -45.210	              -19.439	     567.92
       656	   41199998	              -43.772	              -20.242	     307.31
       657	   41260000	              -43.863	              -20.008	     341.46
       658	   41380000	              -43.736	              -19.461	     364.23
       659	   41410000	              -43.863	              -19.776	     388.17
       660	   41440005	              -44.190	              -19.476	     386.53
       661	   41685000	              -44.494	              -18.663	     449.02
       662	   41780002	              -43.742	              -18.881	     426.04
       663	   41890000	              -44.048	              -17.923	     473.70
       664	   42187000	              -44.164	              -16.675	     541.16
       665	   42250000	              -47.057	              -17.984	     623.35
       666	   42257000	              -47.000	              -17.345	     649.70
       667	   42365000	              -46.258	              -18.169	     623.78
       668	   42435000	              -46.839	              -16.730	     715.43
       669	   42460000	              -47.314	              -15.877	     807.76
       670	   42490000	              -47.246	              -15.972	     780.51
       671	   42546000	              -46.846	              -15.984	     791.30
       672	   42840000	              -45.882	              -18.221	     554.55
       673	   42860000	              -45.654	              -17.713	     625.63
       674	   45170001	              -45.170	              -14.447	     583.63
       675	   45590000	              -45.511	              -13.572	     595.88
       676	   45740001	              -45.138	              -13.177	     588.25
       677	   45770000	              -45.515	              -13.825	     587.46
       678	   45880000	              -45.246	              -14.109	     558.03
       679	   46415000	              -45.472	              -12.936	     660.57
       680	   46455000	              -45.779	              -12.697	     665.01
       681	   46490000	              -44.493	              -12.544	     647.31
       682	   46543000	              -45.717	              -12.241	     670.56
       683	   46570000	              -46.012	              -11.888	     730.83
       684	   46590000	              -45.677	              -11.774	     680.90
       685	   46770000	              -45.814	              -10.727	     745.98
       686	   46998000	              -44.771	              -15.360	     495.16
       687	   47249000	              -42.204	              -11.453	     422.42
       688	   48850000	              -37.976	               -7.803	     327.20
       689	   53790000	              -41.425	              -15.391	     115.82
       690	   58442000	              -43.035	              -22.320	      59.50
       691	   58826000	              -42.546	              -22.313	      66.83
       692	   58846000	              -42.409	              -22.208	      52.91
       693	   58857000	              -42.485	              -22.041	      75.31
       694	   58880001	              -43.838	              -22.235	      69.67
       695	   60030000	              -47.389	              -16.852	     688.65
       696	   60435100	              -48.194	              -15.679	     900.22
       697	   60477400	              -47.993	              -15.660	     884.86
       698	   60477600	              -47.970	              -15.737	     884.69
       699	   60478500	              -47.929	              -15.933	     869.37
       700	   60478600	              -47.844	              -15.894	     869.37
       701	   60500000	              -47.782	              -15.979	     797.30
       702	   60540000	              -48.375	              -16.704	     753.36
       703	   61175000	              -45.129	              -21.448	     203.62
       704	   61565000	              -46.046	              -21.933	     206.13
       705	   61795000	              -48.123	              -19.691	     487.73
       706	   61910000	              -47.007	              -22.151	     283.03
       707	   61956001	              -48.699	              -21.205	     398.26
       708	   62095100	              -45.728	              -23.542	      25.31
       709	   62110000	              -45.927	              -23.570	      34.62
       710	   62496001	              -47.650	              -23.645	     128.28
       711	   62676000	              -46.452	              -23.069	     109.12
       712	   62772500	              -48.084	              -21.882	     295.56
       713	   63160000	              -49.886	              -21.919	     433.77
       714	   64346000	              -50.943	              -22.380	     382.89
       715	   64370000	              -50.037	              -23.695	     296.38
       716	   64491000	              -50.369	              -24.814	     245.75
       717	   65019700	              -49.318	              -25.415	      64.90
       718	   65415000	              -51.025	              -25.977	     234.64
       719	   65855000	              -52.010	              -25.331	     348.17
       720	   66006000	              -56.828	              -14.321	    1472.92
       721	   66008000	              -57.003	              -15.449	    1424.84
       722	   66160000	              -55.634	              -14.499	    1414.23
       723	   75155000	              -53.482	              -28.253	     308.91
       724	   75205000	              -53.845	              -28.569	     322.09
       725	   75450000	              -54.533	              -28.746	     386.68
       726	   76100000	              -54.012	              -29.342	     299.01
       727	   76300000	              -55.116	              -30.784	     303.26
       728	   76440000	              -54.345	              -29.194	     331.33
       729	   76460000	              -54.685	              -29.174	     341.06
       730	   81380000	              -49.036	              -24.844	      50.19
       731	   81683000	              -48.582	              -24.638	      36.44
       732	   84950000	              -49.823	              -28.914	      17.40
       733	   87160000	              -50.830	              -29.270	      74.53
       734	   87399000	              -50.772	              -29.962	      26.34
       735	   87400000	              -50.795	              -29.947	      18.44
