CABra dataset - Topography attributes
 
catch_area is the area of the catchment.
elev_mean, elev_min, and elev_max are the mean, minimum and maximum elevation of the catchment.
elev_gauge is the elevation of the streamflow gauge.
catch_slope is the mean slope of the catchment.
catch_order is the catchment order as well as the highest stream network order.
 
  CABra ID	     ANA ID	      catch_area	  elev_mean	   elev_min	   elev_max	 elev_gauge	  catch_slope	  catch_order
          	           	             km²	          m	          m	          m	          m	            %	             
         1	   13880000	      243410.279	     178.97	      44.65	     564.03	      44.65	         3.14	            7
         2	   14110000	       76898.617	     222.97	      80.40	    2892.44	      80.40	         4.72	            6
         3	   14230000	       24018.785	     151.47	      80.86	     952.20	      80.86	         2.81	            4
         4	   14250000	      127540.913	     184.31	      74.32	    2892.44	      74.32	         3.71	            6
         5	   14260000	       41762.638	     206.08	      85.09	     615.36	      85.09	         2.30	            5
         6	   14280001	       45937.399	     197.90	      78.18	     615.36	      78.18	         2.29	            5
         7	   14300000	        2046.773	     160.94	     103.17	     312.60	     103.17	         1.96	            3
         8	   14330000	      200204.618	     178.05	      50.73	    2892.44	      50.73	         3.20	            6
         9	   14420000	      290450.675	     158.68	      29.85	    2953.01	      29.85	         3.26	            6
        10	   14495000	       36522.162	     483.47	      74.40	    1717.47	      74.40	        11.11	            5
        11	   14515000	       49871.585	     409.64	      64.42	    1717.47	      64.42	         9.62	            5
        12	   14550000	        5872.775	     764.63	     106.95	    2774.81	     106.95	        14.92	            4
        13	   14680001	       12603.963	     386.35	      76.58	    1518.91	      76.58	        10.25	            4
        14	   14710000	      116641.608	     321.99	      44.65	    2774.81	      44.65	         7.87	            6
        15	   15030000	     3032432.490	     508.85	      13.31	    6558.28	      13.31	         7.44	            8
        16	   15050000	        2993.203	     472.03	     225.64	     811.99	     225.64	         5.17	            3
        17	   15120001	       22580.804	     302.51	     193.56	    1147.99	     193.56	         3.46	            4
        18	   15250000	      617280.606	     532.59	     121.09	    5119.86	     121.09	         6.27	            8
        19	   15320002	      938166.101	     660.45	      93.36	    6402.90	      93.36	         9.22	            8
        20	   15430000	        8209.836	     223.88	     101.79	    1101.62	     101.79	         7.47	            5
        21	   15431000	        1004.308	     162.24	     107.30	     367.84	     107.30	         4.85	            3
        22	   15432000	         844.794	     187.86	     107.19	     362.76	     107.19	         8.31	            2
        23	   15550000	       12709.956	     144.85	      65.89	    1107.78	      65.89	         3.95	            4
        24	   15558000	       10165.556	     321.27	     178.62	     621.17	     178.62	         4.41	            4
        25	   15560000	       33249.156	     282.17	     135.09	     625.48	     136.34	         4.03	            5
        26	   15580000	       60884.621	     235.69	      78.50	     625.48	      78.50	         4.41	            5
        27	   15630000	     1109083.099	     585.72	      44.39	    6402.90	      44.39	         8.35	            8
        28	   15700000	     1167531.718	     560.03	      27.16	    6402.90	      27.16	         8.01	            8
        29	   15750000	       15348.367	     331.22	     214.99	     534.36	     214.99	         5.38	            4
        30	   15800000	       70401.382	     194.63	      42.12	     534.36	      42.12	         5.37	            5
        31	   15830000	      131394.557	     206.41	      31.96	     619.36	      31.96	         5.29	            6
        32	   15910000	       12725.150	     163.33	      53.84	     364.43	      53.84	         5.81	            5
        33	   16700000	         818.088	     434.17	     337.18	     791.02	     337.18	        12.14	            3
        34	   17050001	     4807563.691	     474.84	       5.50	    6558.28	       5.50	         7.33	            9
        35	   17090000	       19818.713	     349.52	      18.86	     617.53	      18.86	         9.62	            5
        36	   17093000	       55972.189	     478.25	     240.43	     811.73	     240.43	         2.88	            5
        37	   17120000	       37021.359	     371.69	     236.38	     660.61	     236.38	         2.66	            4
        38	   17200000	       10867.859	     473.29	     352.25	     895.27	     350.39	         4.19	            4
        39	   17280000	       34759.605	     421.24	     296.21	     895.27	     296.21	         2.56	            5
        40	   17340000	       52321.178	     387.23	     238.06	     895.27	     238.06	         2.84	            5
        41	   17345000	         565.414	     537.30	     458.14	     688.74	     458.14	         3.65	            2
        42	   17350000	        1011.852	     441.80	     295.15	     622.58	     295.15	         6.65	            2
        43	   17730000	      459185.365	     313.11	       8.68	     895.27	       8.68	         4.64	            7
        44	   18200000	       12403.055	     342.38	      15.58	     762.90	      15.47	        11.74	            4
        45	   18250000	        2906.530	     201.57	      77.14	     462.37	      77.14	         7.37	            3
        46	   18280000	        7036.099	     384.26	     307.64	     792.17	     307.64	         8.98	            4
        47	   18420000	        3841.917	     463.82	     317.51	     678.21	     317.51	         3.61	            4
        48	   18460000	      210502.944	     344.40	     183.64	     846.87	     183.64	         3.52	            6
        49	   18650000	       35596.629	     286.93	     186.68	     695.22	     186.68	         5.75	            4
        50	   18850000	      447710.731	     307.15	      88.62	     846.87	      88.62	         4.89	            6
        51	   19100000	        4442.999	     233.39	      34.39	     543.64	      34.39	        14.42	            3
        52	   19150000	       51738.697	     262.13	      32.61	     746.51	      32.61	        11.24	            5
        53	   20050000	       11268.634	     835.99	     511.98	    1375.77	     511.98	        10.53	            4
        54	   20250000	       10632.265	     728.87	     532.33	    1346.03	     532.33	         7.93	            4
        55	   21500000	       22768.353	     650.68	     413.92	    1668.27	     413.92	         6.63	            5
        56	   21850000	       12857.570	     540.62	     319.92	    1045.81	     319.92	         5.57	            5
        57	   22680000	       17074.448	     474.97	     219.11	     883.51	     219.11	         4.06	            4
        58	   22700000	       18185.884	     464.21	     215.69	     883.51	     215.69	         4.10	            4
        59	   22900000	       44276.743	     404.65	     184.01	     883.51	     184.01	         5.50	            5
        60	   23100000	      243388.848	     504.88	     168.38	    1668.27	     168.38	         6.84	            6
        61	   23250000	       10104.609	     334.17	     177.16	     627.22	     177.16	         6.68	            4
        62	   23300000	      276094.686	     477.66	     148.50	    1668.27	     148.50	         6.59	            6
        63	   23600000	      290662.931	     467.78	     126.61	    1668.27	     126.61	         6.53	            6
        64	   23700000	      298710.559	     461.48	     112.97	    1668.27	     112.97	         6.45	            6
        65	   24050000	        2063.671	     771.76	     651.07	     903.35	     651.07	         4.79	            3
        66	   24200000	       18362.283	     637.27	     309.75	    1019.30	     309.75	         6.72	            5
        67	   24500000	        4798.565	     605.39	     395.80	     867.45	     395.80	         8.01	            4
        68	   24700000	       36790.519	     573.11	     288.00	    1019.30	     288.00	         7.03	            5
        69	   24750000	        6428.794	     645.68	     356.28	    1043.44	     357.30	         8.65	            4
        70	   24780000	        1346.458	     648.64	     343.40	    1001.87	     343.40	         7.29	            3
        71	   24800000	       11943.006	     575.24	     291.03	    1043.44	     291.03	         7.73	            5
        72	   24850000	       50013.592	     567.80	     271.60	    1043.44	     271.60	         7.12	            6
        73	   24900000	        2049.611	     646.50	     441.30	     928.12	     441.30	         7.10	            3
        74	   24950000	        9032.450	     556.24	     298.66	    1053.24	     298.66	         7.46	            4
        75	   25130000	        5281.584	     456.18	     295.04	    1054.87	     295.04	         7.48	            4
        76	   25200000	       76550.330	     519.38	     248.81	    1054.87	     248.81	         6.43	            6
        77	   25700000	       92227.583	     482.40	     220.76	    1054.87	     220.76	         5.83	            6
        78	   25950000	      116846.898	     450.69	     215.50	    1054.87	     215.50	         5.44	            6
        79	   26050000	       17721.076	     612.11	     347.53	     907.04	     347.53	         2.95	            5
        80	   26100000	       25289.931	     564.07	     254.92	     907.04	     254.92	         3.81	            5
        81	   26300000	       58892.874	     413.14	     197.25	     924.94	     197.25	         2.96	            5
        82	   26350000	       77006.845	     369.29	     187.59	     924.94	     187.59	         2.34	            5
        83	   27500000	      325520.392	     338.79	     146.50	    1054.87	     146.50	         3.43	            7
        84	   28150000	        1584.038	     249.95	     157.02	     614.57	     157.02	         4.82	            3
        85	   28300000	      370831.069	     324.00	     118.20	    1054.87	     118.20	         3.51	            7
        86	   28850000	      381864.909	     320.52	      94.42	    1054.87	      94.41	         3.55	            7
        87	   29050000	      698602.848	     376.55	      79.85	    1668.27	      79.85	         4.79	            7
        88	   29100000	       37588.390	     264.64	      86.54	     900.24	      86.54	         8.09	            5
        89	   29700000	      761332.004	     362.77	       3.85	    1668.27	       3.85	         4.98	            7
        90	   30300000	       10769.273	     181.66	      69.62	     586.89	      69.62	         8.30	            4
        91	   30400000	       30586.364	     159.58	      51.65	     586.89	      51.65	         7.16	            5
        92	   31700000	       32582.499	     137.15	       7.40	     400.66	       7.40	         4.66	            5
        93	   32450002	        2731.405	      66.16	      17.50	     176.40	      17.50	         3.11	            3
        94	   32620000	       33160.670	     136.03	       5.70	     447.45	       5.70	         4.09	            5
        95	   32740000	        2579.070	      62.27	      22.13	     166.67	      22.13	         2.35	            3
        96	   32830000	        3909.055	      64.27	      18.89	     298.93	      18.89	         3.42	            4
        97	   33025000	        5528.183	     262.11	     113.76	     493.34	     113.76	         6.36	            3
        98	   33170000	        5997.483	     224.48	      22.57	     451.25	      22.57	        10.87	            3
        99	   33190000	       35721.632	     193.07	       9.21	     493.34	       9.21	         8.25	            5
       100	   33205000	        3768.735	     336.40	     161.80	     682.37	     161.80	         5.68	            3
       101	   33250000	       13293.224	     270.27	      87.04	     682.37	      87.04	         5.10	            5
       102	   33260000	       15620.778	     255.97	      53.68	     682.37	      53.68	         5.33	            5
       103	   33270000	        1339.459	     209.31	      98.05	     388.22	      98.05	         5.18	            3
       104	   33281000	       24229.595	     217.95	      25.02	     682.37	      25.02	         5.63	            5
       105	   33290000	       25757.408	     208.65	      14.61	     682.37	      14.61	         5.58	            5
       106	   33321000	        4542.636	     305.33	     140.13	     677.05	     139.76	         4.51	            3
       107	   33330000	        3597.482	     241.65	     120.64	     562.86	     120.64	         5.46	            3
       108	   33380000	       20486.395	     207.53	      14.30	     677.05	      14.30	         7.31	            4
       109	   33420000	        6145.207	     390.39	     171.56	     611.38	     171.56	         6.99	            3
       110	   33450000	        5820.209	     378.09	     171.31	     620.76	     171.31	         7.00	            3
       111	   33460000	        6965.141	     355.96	     140.90	     620.76	     140.90	         6.79	            3
       112	   33480000	       15184.236	     363.21	     132.46	     620.76	     132.46	         7.16	            4
       113	   33520000	        5406.122	     279.57	     119.54	     498.80	     119.54	         7.29	            4
       114	   33530000	       27688.830	     305.54	      84.96	     620.76	      83.60	         6.68	            5
       115	   33550000	       33147.927	     279.81	      58.99	     620.76	      59.68	         6.26	            5
       116	   33590000	       37733.766	     257.90	      39.64	     620.76	      40.23	         5.91	            5
       117	   33620000	        5577.694	     120.44	      40.67	     242.09	      40.67	         4.54	            4
       118	   33630000	       44424.219	     235.94	      28.53	     620.76	      28.53	         5.72	            5
       119	   33680000	       50635.576	     215.02	      19.16	     620.76	      19.16	         5.50	            5
       120	   33730000	        4284.563	      86.17	      20.20	     146.79	      20.20	         4.84	            3
       121	   33760000	        4046.686	      86.72	      30.75	     126.31	      30.75	         2.06	            4
       122	   33780000	       12824.698	      80.65	      15.80	     162.07	      15.80	         3.99	            4
       123	   34020000	       12999.890	     472.22	     274.74	     815.01	     274.74	         5.72	            5
       124	   34060000	       31642.414	     446.27	     198.93	     815.01	     198.93	         6.33	            5
       125	   34090000	       15788.765	     475.28	     177.12	     666.28	     177.12	         4.65	            4
       126	   34130000	        9129.294	     456.94	     238.03	     660.61	     238.03	         6.07	            3
       127	   34170000	       24961.207	     382.20	     174.98	     660.61	     174.98	         5.39	            4
       128	   34251000	       31382.165	     473.90	     229.27	     821.11	     229.27	         5.57	            5
       129	   34270000	       47678.508	     449.10	     144.11	     821.11	     144.11	         5.57	            5
       130	   34770000	       44450.871	     391.14	      85.66	     997.55	      85.66	         4.85	            6
       131	   34940000	       11524.059	     149.23	      57.13	     832.62	      57.13	         1.98	            4
       132	   34980000	       22323.568	     199.77	      12.62	     964.05	      12.62	         3.01	            5
       133	   35260000	        2886.341	     304.63	      85.15	    1074.77	      85.15	         7.10	            3
       134	   36045000	        3564.738	     575.59	     299.82	     868.00	     299.82	         5.60	            4
       135	   36160000	       21295.287	     503.21	     213.03	     946.33	     213.03	         6.44	            5
       136	   36250000	        4401.255	     617.00	     333.93	    1000.15	     333.93	         5.03	            3
       137	   36290000	       12803.770	     462.20	     151.02	    1000.15	     151.02	         6.29	            4
       138	   36390000	       49907.977	     407.08	      34.79	    1000.15	      34.79	         6.16	            5
       139	   36580000	       17817.079	     326.41	      49.40	    1126.56	      49.40	         6.74	            5
       140	   37380000	        8906.378	     456.34	     201.86	    1161.08	     201.86	         8.83	            5
       141	   37410000	       15792.245	     402.76	     169.81	    1161.08	     170.03	         7.78	            5
       142	   37470000	       22484.584	     373.37	     124.93	    1182.50	     124.93	         7.57	            5
       143	   37515000	        1944.735	     499.04	     215.62	     799.54	     215.62	         7.07	            3
       144	   38170000	        2553.358	     171.87	       7.11	     549.17	       7.11	         4.34	            3
       145	   38485000	        2675.417	     274.85	      22.05	     682.17	      22.05	         5.94	            3
       146	   38650000	        2270.968	     482.23	     127.18	     743.03	     127.18	         6.73	            3
       147	   38830000	        5254.293	     608.09	     441.35	    1170.35	     441.35	         5.18	            4
       148	   38850000	        3323.300	     564.57	     424.06	     988.25	     424.06	         4.25	            3
       149	   38860000	       14344.019	     556.47	     326.91	    1170.35	     326.91	         4.44	            5
       150	   38895000	       19942.691	     478.17	      13.02	    1170.35	      13.02	         5.59	            5
       151	   39084010	         727.614	     274.26	      61.47	     648.04	      61.47	        10.55	            2
       152	   39185000	        7613.486	     423.94	      44.77	    1196.26	      44.77	         9.15	            3
       153	   39360000	        3100.462	     685.70	     269.26	    1169.82	     269.26	         9.01	            3
       154	   39540000	        2731.712	     632.07	     379.93	    1021.44	     379.93	         5.84	            3
       155	   39560000	        5148.463	     553.47	     106.72	    1021.44	     106.03	         9.67	            4
       156	   39770000	        3723.269	     509.49	      47.06	    1013.79	      47.54	        11.59	            3
       157	   39980000	        1510.487	     241.38	      20.64	     662.55	      20.64	         6.54	            3
       158	   40070000	        9959.636	     827.45	     624.68	    1500.95	     624.68	        10.12	            5
       159	   40100000	       14005.173	     786.42	     609.73	    1500.95	     609.73	         9.27	            5
       160	   41650002	       10797.210	     835.41	     551.20	    1861.10	     551.20	        11.70	            4
       161	   41818000	       16873.967	     864.40	     525.43	    1861.10	     525.43	        11.65	            5
       162	   41990000	       26858.816	     843.75	     487.37	    1861.10	     487.37	        10.44	            5
       163	   42210000	      107832.330	     795.38	     466.02	    1861.10	     466.02	         8.98	            6
       164	   42395000	       12964.591	     696.66	     506.84	    1102.74	     506.84	         7.00	            4
       165	   42690001	       30368.722	     701.06	     494.67	    1191.06	     494.67	         5.90	            5
       166	   42980000	       41681.613	     697.81	     478.17	    1191.06	     478.17	         5.74	            5
       167	   43200000	      155204.387	     762.30	     465.05	    1861.10	     465.05	         7.92	            6
       168	   43429998	       11809.544	     783.68	     498.98	    1075.34	     498.98	         6.86	            4
       169	   43670000	       18730.491	     757.53	     481.91	    1075.34	     481.91	         6.01	            4
       170	   43880000	       24014.674	     737.14	     473.30	    1075.34	     473.30	         5.62	            4
       171	   44200000	      185349.648	     752.39	     457.53	    1861.10	     457.53	         7.45	            6
       172	   44250000	        3275.358	     689.11	     507.52	     854.39	     507.52	         3.71	            3
       173	   44290002	      195540.703	     746.00	     449.60	    1861.10	     449.60	         7.28	            6
       174	   44500000	      204233.385	     740.18	     438.52	    1861.10	     438.52	         7.15	            6
       175	   44540000	         637.904	     634.52	     471.80	     827.24	     471.80	         5.53	            2
       176	   44670000	       12385.106	     659.75	     465.19	    1262.84	     465.19	         5.89	            4
       177	   45210000	       12700.723	     737.43	     465.32	     958.40	     465.32	         3.64	            4
       178	   45260000	       16454.915	     722.95	     448.36	     958.40	     448.36	         3.61	            4
       179	   45298000	      256283.029	     722.49	     432.65	    1861.10	     432.65	         6.70	            6
       180	   45480000	      273868.465	     710.91	     422.75	    1861.10	     422.75	         6.50	            6
       181	   45910001	       29961.911	     764.53	     439.51	    1017.21	     439.51	         2.48	            5
       182	   45960001	       31486.841	     756.56	     430.33	    1017.21	     430.33	         2.59	            5
       183	   46035000	      311199.680	     712.04	     415.58	    1861.10	     415.58	         6.05	            6
       184	   46105000	      312083.917	     711.27	     413.66	    1861.10	     413.66	         6.03	            6
       185	   46150000	      327360.927	     707.45	     410.25	    1861.10	     410.25	         6.05	            6
       186	   46360000	      349631.517	     705.78	     402.11	    2016.37	     402.11	         6.18	            6
       187	   46550000	       18998.340	     769.87	     442.02	    1031.71	     442.02	         1.83	            5
       188	   46610000	       33241.595	     758.79	     433.63	    1031.71	     433.63	         2.07	            5
       189	   46650000	       36210.657	     740.35	     425.77	    1031.71	     425.77	         2.26	            5
       190	   46675000	       39891.275	     718.38	     416.78	    1031.71	     416.78	         2.35	            5
       191	   46790000	       14475.172	     731.99	     484.38	     902.11	     484.38	         2.58	            4
       192	   46830000	       18538.716	     695.77	     439.03	     902.11	     439.03	         3.08	            4
       193	   46870000	       22370.215	     667.50	     416.91	     902.11	     416.91	         3.05	            4
       194	   46902000	       69995.995	     672.83	     410.89	    1031.71	     410.89	         2.46	            5
       195	   48020000	      523377.711	     676.78	     357.42	    2016.37	     357.42	         5.21	            6
       196	   48290000	      542655.575	     668.82	     341.36	    2016.37	     341.36	         5.12	            6
       197	   48590000	      569685.103	     660.89	     310.83	    2016.37	     311.07	         5.07	            6
       198	   49330000	      620598.190	     645.09	      12.58	    2016.37	      12.58	         5.02	            6
       199	   49370000	      625581.524	     642.20	       8.97	    2016.37	       8.97	         5.02	            6
       200	   49660000	      640513.114	     635.77	       3.94	    2016.37	       3.94	         5.06	            6
       201	   49705000	      641844.730	     634.68	       1.33	    2016.37	       1.33	         5.07	            6
       202	   50191000	       16432.327	     398.52	      12.14	     925.26	      12.14	         4.91	            4
       203	   50250000	        3055.104	     299.95	     151.61	     618.29	     151.61	         5.38	            3
       204	   50290000	        4661.178	     246.99	       4.78	     618.29	       4.78	         5.09	            3
       205	   50420000	        1324.918	     664.09	     442.27	    1258.56	     442.27	        12.76	            3
       206	   50465000	       12118.679	     509.73	     269.14	    1258.56	     269.14	         7.28	            4
       207	   50520000	       26845.952	     434.89	     148.01	    1258.56	     148.01	         5.93	            4
       208	   50540000	       28839.907	     423.62	     125.53	    1258.56	     125.53	         5.81	            4
       209	   50595000	       36270.776	     392.90	      28.73	    1258.56	      28.73	         5.61	            4
       210	   50620000	        2990.894	     288.98	     157.54	     598.32	     157.54	         4.26	            3
       211	   50660000	        4535.430	     240.90	      10.95	     598.32	      10.95	         4.89	            4
       212	   50720000	        1255.053	     243.37	     147.04	     424.69	     147.04	         3.64	            2
       213	   50730000	         548.476	     270.97	     170.32	     441.67	     170.32	         6.01	            2
       214	   50740000	         463.524	     215.12	     100.89	     402.18	     103.16	        10.48	            2
       215	   51120000	        2406.542	    1139.93	     349.28	    1680.05	     343.60	        10.12	            3
       216	   51140000	        6307.690	     961.22	     352.83	    1798.89	     352.83	         8.38	            4
       217	   51170000	        2796.178	     713.04	     360.70	    1155.30	     362.81	         6.36	            4
       218	   51190000	        9913.443	     864.89	     323.63	    1798.89	     323.63	         8.22	            5
       219	   51230000	        2179.087	     670.49	     314.03	    1590.29	     314.03	         9.85	            3
       220	   51240000	       16884.335	     829.20	     301.43	    1798.89	     301.43	         8.52	            5
       221	   51280000	       23334.569	     722.66	     228.55	    1798.89	     228.55	         9.23	            5
       222	   51330000	       32806.543	     651.78	     176.48	    1798.89	     176.48	         8.94	            5
       223	   51430000	        5179.337	     640.81	     297.71	    1275.63	     297.71	         6.72	            4
       224	   51440000	        7320.832	     541.24	     213.14	    1275.63	     213.58	         5.51	            4
       225	   51560000	        1391.459	     193.00	      34.04	     761.32	      34.04	         8.76	            3
       226	   51795000	        1148.836	     225.13	      11.70	     794.19	      11.70	        12.27	            3
       227	   54010005	        7829.438	     929.30	     600.46	    2040.88	     600.46	        12.71	            3
       228	   54110002	        4120.832	     925.54	     674.75	    1524.01	     674.75	        10.15	            4
       229	   54150000	       16318.867	     881.48	     337.85	    2040.88	     337.85	        12.67	            4
       230	   54165000	        2334.016	     844.29	     608.02	    1358.13	     608.02	         9.29	            3
       231	   54195000	       23829.772	     836.38	     304.20	    2040.88	     304.20	        12.28	            5
       232	   54230000	        2882.947	     875.92	     605.10	    1815.69	     605.10	        13.52	            4
       233	   54260000	        6870.534	     861.81	     511.60	    1815.69	     511.60	        13.17	            4
       234	   54300000	        1088.598	     854.77	     485.39	    1212.16	     485.39	        13.86	            3
       235	   54390000	       10816.937	     818.67	     323.58	    1815.69	     323.58	        13.08	            4
       236	   54500000	       16130.200	     781.35	     284.22	    1815.69	     284.22	        13.90	            5
       237	   54580000	       46207.964	     788.10	     238.07	    2040.88	     238.07	        13.38	            6
       238	   54590000	        1378.052	     777.87	     344.34	    1143.56	     344.34	        18.44	            3
       239	   54710000	       51276.636	     777.14	     205.22	    2040.88	     205.22	        13.86	            6
       240	   54770000	        2884.817	     723.41	     199.05	    1068.91	     199.05	        17.47	            3
       241	   54780000	       63676.169	     741.77	     155.08	    2040.88	     155.08	        14.89	            6
       242	   54950000	       69872.389	     702.37	      27.54	    2040.88	      27.54	        14.75	            6
       243	   55340000	        2844.838	     381.99	      14.24	    1119.16	      14.24	        20.62	            3
       244	   55360000	         899.011	     460.19	     108.41	     847.89	     108.41	        17.95	            3
       245	   55370000	        1848.382	     319.05	      29.01	     847.89	      29.01	        17.77	            3
       246	   55380000	        2040.506	     300.84	      23.38	     847.89	      23.38	        17.22	            3
       247	   55460000	        3315.861	     340.05	     148.29	    1118.05	     148.29	        15.16	            4
       248	   55490000	        4839.201	     313.44	      13.82	    1118.05	      13.82	        14.72	            4
       249	   55510000	        3043.783	     158.58	       5.55	     450.80	       5.55	         5.26	            4
       250	   55520001	        2127.575	     637.44	     336.54	    1230.13	     336.54	        21.71	            3
       251	   55560000	        5196.914	     602.94	     250.38	    1230.13	     250.38	        22.60	            4
       252	   55610000	        1897.611	     455.86	     205.84	    1093.12	     207.64	        21.70	            3
       253	   55630000	        9361.337	     501.71	     156.92	    1230.13	     156.92	        21.41	            4
       254	   55660000	        1990.638	     393.86	     189.25	     943.99	     189.25	        18.80	            4
       255	   55699998	       14056.337	     440.36	     100.64	    1230.13	     100.64	        19.42	            5
       256	   55790000	         432.457	     470.79	     245.41	    1088.47	     246.07	        27.84	            2
       257	   55850000	        7090.089	     343.05	      33.55	    1394.50	      33.55	        19.25	            4
       258	   55900000	         190.358	     435.99	     198.20	     938.93	     198.20	        25.69	            2
       259	   55920000	        4299.253	     368.08	      69.65	    1664.11	      69.65	        24.79	            3
       260	   55960000	       12263.028	     335.80	       8.64	    1664.11	       8.64	        20.51	            4
       261	   56028000	        1414.973	     841.99	     609.86	    1437.71	     609.86	        16.90	            3
       262	   56055000	        1106.811	     796.82	     638.57	    1341.66	     638.57	        17.55	            3
       263	   56065000	         299.873	     776.92	     669.54	     924.82	     669.54	        14.67	            2
       264	   56075000	        4322.242	     797.12	     580.73	    1437.71	     580.73	        17.24	            4
       265	   56085000	         347.465	     738.97	     616.31	     978.41	     616.31	        16.11	            2
       266	   56090000	         333.375	     756.34	     613.50	     951.41	     613.50	        16.18	            2
       267	   56240000	         856.876	     973.16	     467.20	    1741.55	     467.20	        20.36	            2
       268	   56335001	        1395.632	     901.16	     417.33	    1741.55	     417.33	        20.18	            3
       269	   56385000	         534.855	     868.84	     596.21	    1841.09	     596.21	        22.21	            2
       270	   56415000	        2060.013	     727.31	     337.02	    1947.92	     337.02	        21.12	            3
       271	   56484998	        1381.614	     797.59	     301.17	    1839.37	     301.17	        21.74	            3
       272	   56539000	       16371.881	     695.29	     243.74	    1947.92	     243.74	        18.87	            4
       273	   56570000	         839.547	     616.57	     250.51	    1517.16	     250.51	        21.03	            3
       274	   56610000	        1181.016	     813.44	     635.41	    2062.62	     635.41	        17.71	            3
       275	   56640000	         427.423	    1184.59	     728.06	    2071.15	     728.06	        25.84	            2
       276	   56775000	        4154.126	     780.53	     436.31	    1670.71	     436.31	        18.87	            4
       277	   56800000	        1545.500	     799.66	     597.78	    2022.30	     597.78	        18.45	            3
       278	   56825000	       10359.627	     749.55	     199.22	    2022.30	     199.22	        21.65	            4
       279	   56845000	        1081.114	     832.96	     655.63	    1265.27	     655.63	        16.62	            3
       280	   56846000	        2012.187	     777.15	     224.29	    1265.27	     224.29	        22.25	            3
       281	   56850000	       41208.262	     686.70	     157.83	    2071.15	     157.83	        19.99	            5
       282	   56860000	        2832.159	     791.59	     473.60	    1802.27	     473.60	        19.26	            3
       283	   56870000	         633.290	     606.18	     400.56	    1016.74	     400.56	        18.36	            3
       284	   56891900	       10139.001	     589.45	     196.16	    1802.27	     196.16	        19.43	            4
       285	   56920000	       56224.824	     638.09	     130.13	    2071.15	     130.13	        19.69	            5
       286	   56940002	        3287.798	     545.08	     126.01	    1547.64	     126.01	        21.70	            3
       287	   56976000	        2308.521	     802.46	     370.57	    1745.02	     368.45	        25.30	            3
       288	   56983000	         392.543	     868.04	     464.02	    2615.07	     464.02	        29.07	            2
       289	   56990000	        8883.228	     575.51	      97.74	    2615.07	      97.74	        24.86	            4
       290	   56990990	         443.727	     756.58	     361.96	    1507.42	     371.59	        26.85	            3
       291	   56991500	        1361.972	     690.15	     195.03	    1507.42	     195.03	        26.78	            3
       292	   56992000	        2175.002	     557.18	      73.48	    1507.42	      73.48	        26.37	            3
       293	   56993551	         913.462	     437.02	      56.44	    1334.52	      56.44	        24.71	            2
       294	   56995500	         941.646	     298.98	      79.90	     908.50	      79.90	        28.91	            3
       295	   57130000	        1015.953	     839.76	      21.47	    1408.02	      21.47	        22.71	            3
       296	   57170000	        1009.846	     914.79	     470.76	    1888.82	     470.76	        22.37	            2
       297	   57250000	         216.493	     915.73	     513.53	    1542.37	     513.53	        22.25	            2
       298	   57300000	         311.079	     501.71	       9.00	    1134.08	       9.00	        27.39	            2
       299	   57320000	         151.434	     489.41	      28.36	    1018.59	      28.36	        31.49	            1
       300	   57350000	         226.588	     965.36	     496.05	    1605.38	     496.05	        27.35	            2
       301	   57360000	         442.905	     851.65	     653.97	    1568.82	     653.97	        23.40	            2
       302	   57370000	         601.111	     850.67	     597.50	    1581.23	     593.45	        23.42	            2
       303	   57400000	        1067.758	     840.33	     342.13	    1605.38	     342.13	        26.14	            3
       304	   57420000	         340.953	    1203.39	     739.69	    2846.37	     739.69	        29.63	            2
       305	   57450000	        2263.422	     792.47	     111.02	    2846.37	     111.02	        26.38	            3
       306	   57490000	         995.205	     780.86	     102.41	    1983.08	     102.41	        28.55	            3
       307	   57550000	        1480.421	     723.47	      67.54	    1983.08	      67.54	        27.47	            3
       308	   57580000	        5266.661	     619.19	       8.43	    2846.37	       8.43	        25.70	            4
       309	   57700000	         483.982	    1065.22	     743.74	    2849.53	     743.74	        26.48	            3
       310	   57720000	         226.656	    1096.86	     767.47	    2332.17	     767.47	        26.01	            1
       311	   57740000	         415.167	     846.75	     594.71	    2175.48	     594.71	        22.06	            2
       312	   57770000	         154.860	     574.84	     305.91	    1322.94	     305.91	        23.75	            1
       313	   57830000	        2918.312	     695.72	      56.30	    2849.53	      56.30	        22.03	            3
       314	   57930000	        3861.915	     598.54	      10.97	    2849.53	      10.97	        21.89	            3
       315	   58030000	         805.222	    1150.97	     794.18	    2041.44	     794.18	        19.73	            2
       316	   58060000	         279.985	    1197.97	     900.98	    1650.58	     900.98	        19.84	            2
       317	   58099000	        4994.958	     935.78	     591.18	    2041.44	     591.18	        18.72	            4
       318	   58142200	         410.076	     853.39	     562.81	    1725.54	     562.81	        23.99	            2
       319	   58183000	        9678.300	     834.27	     533.39	    2041.44	     533.39	        16.89	            4
       320	   58204000	       10866.276	     823.20	     527.54	    2041.44	     527.54	        16.68	            4
       321	   58220000	         238.332	     915.38	     536.96	    1919.02	     536.96	        22.14	            2
       322	   58258000	         191.123	     829.05	     420.13	    2583.48	     420.13	        27.73	            2
       323	   58270000	         412.042	     571.60	     387.09	    1250.38	     387.09	        19.28	            2
       324	   58380001	       19529.420	     749.97	     277.41	    2776.27	     276.05	        17.85	            4
       325	   58405000	         420.404	    1076.22	     665.43	    2231.29	     665.43	        35.56	            3
       326	   58420000	         722.125	    1048.14	     711.23	    2248.29	     711.23	        31.54	            3
       327	   58425000	         942.327	    1004.19	     522.39	    2248.29	     522.39	        30.78	            3
       328	   58434000	         279.450	     871.58	     513.55	    1896.00	     513.55	        28.40	            2
       329	   58440000	        2089.245	     933.71	     271.64	    2248.29	     271.64	        30.50	            4
       330	   58470000	         372.275	     859.48	     703.76	    1246.10	     703.76	        19.38	            2
       331	   58480500	         985.960	     810.85	     687.16	    1246.10	     687.16	        17.43	            3
       332	   58500000	         143.681	    1024.67	     730.69	    1444.81	     730.69	        21.80	            2
       333	   58516500	        2267.400	     888.97	     518.32	    1774.13	     518.32	        21.06	            3
       334	   58520000	        3772.464	     834.96	     452.01	    1774.13	     452.01	        19.87	            4
       335	   58525000	          89.563	    1603.79	    1018.02	    2588.25	    1018.02	        29.29	            1
       336	   58530000	         275.907	    1343.50	     932.48	    2588.25	     932.48	        27.79	            2
       337	   58535000	         404.164	    1248.81	     552.21	    2588.25	     552.21	        27.92	            2
       338	   58542000	         358.985	    1006.01	     544.46	    1662.19	     544.46	        25.56	            2
       339	   58550001	        1814.866	     889.41	     431.43	    2588.25	     431.43	        24.99	            3
       340	   58560000	         177.821	     674.86	     516.70	    1106.15	     516.70	        18.73	            1
       341	   58573000	         258.015	     641.40	     468.63	    1267.61	     468.63	        21.27	            1
       342	   58585000	        3153.140	     794.76	     397.93	    2588.25	     397.93	        23.45	            3
       343	   58610000	         794.526	     645.95	     441.10	     990.38	     441.10	        18.35	            3
       344	   58630002	       30947.254	     761.51	     239.67	    2776.27	     239.67	        19.72	            5
       345	   58645000	         295.006	     898.09	     364.95	    1463.91	     364.95	        24.98	            2
       346	   58658000	         289.712	     467.35	     217.18	     872.13	     217.18	        21.13	            1
       347	   58670002	         607.967	     346.37	     149.51	     763.76	     149.51	        19.51	            2
       348	   58710000	         795.253	     718.07	     452.83	    1286.17	     452.83	        20.87	            3
       349	   58720000	         323.224	     749.77	     454.99	    1253.67	     454.99	        21.14	            1
       350	   58730001	        1666.412	     671.04	     404.25	    1286.17	     404.25	        19.93	            3
       351	   58735000	        2366.723	     600.93	     245.99	    1400.66	     245.99	        18.71	            3
       352	   58755000	         816.645	     747.56	     406.97	    1263.68	     406.97	        18.29	            2
       353	   58765001	        1797.707	     609.54	     222.75	    1391.27	     222.75	        18.29	            3
       354	   58770000	        5966.066	     556.48	     172.21	    1466.77	     172.21	        18.53	            4
       355	   58795000	       43710.628	     668.52	      41.27	    2776.27	      41.27	        19.57	            5
       356	   58825000	         215.307	    1213.64	     984.49	    2242.95	     984.49	        27.41	            1
       357	   58827000	         545.253	    1111.64	     564.81	    2242.95	     564.81	        28.37	            2
       358	   58850000	        1850.007	     781.45	      67.94	    2242.95	      67.94	        29.19	            3
       359	   58870000	        1139.224	     445.01	      54.96	    1396.34	      54.96	        23.04	            3
       360	   58874000	        3178.469	     626.10	      41.41	    2242.95	      41.41	        26.69	            4
       361	   58910000	         153.614	     766.81	     508.83	    1339.62	     508.83	        22.68	            1
       362	   58916000	         398.988	     930.40	     598.48	    1950.42	     598.48	        22.57	            3
       363	   58917000	         760.651	     857.93	     354.76	    1950.42	     354.76	        22.43	            3
       364	   58920000	        2712.537	     592.31	     179.75	    1950.42	     179.75	        21.31	            4
       365	   58930000	         781.392	     848.00	     402.18	    1772.05	     402.18	        24.72	            2
       366	   58940000	        5909.658	     547.37	     112.94	    1950.42	     112.94	        21.83	            4
       367	   58960000	        7347.160	     476.42	      21.84	    1950.42	      21.84	        21.24	            4
       368	   58974000	       56475.296	     621.93	       3.49	    2776.27	       3.49	        20.19	            5
       369	   59120000	          60.311	    1188.68	     899.01	    1671.90	     899.01	        30.39	            1
       370	   59125000	         103.402	    1142.96	     754.66	    1671.90	     754.66	        31.53	            1
       371	   59135000	          80.709	     959.37	     621.23	    1416.04	     621.23	        29.94	            1
       372	   59240000	         292.191	     472.33	      14.35	    2204.60	      14.35	        32.57	            1
       373	   59355000	          21.878	    1646.34	    1500.00	    1956.11	    1500.00	        21.67	            1
       374	   59370000	         642.772	    1188.82	      12.15	    2049.32	      19.22	        26.43	            3
       375	   59380000	         104.393	     875.07	       9.33	    1656.99	      10.39	        35.33	            1
       376	   60010000	        2753.817	     954.15	     802.82	    1276.41	     802.82	         8.20	            4
       377	   60011000	        3826.626	     935.81	     785.33	    1276.41	     785.33	         8.29	            4
       378	   60040000	       10789.625	     898.89	     674.19	    1253.59	     674.19	         5.55	            3
       379	   60100000	          84.357	    1024.23	     903.61	    1277.37	     903.61	         7.32	            1
       380	   60110000	        1966.064	     896.99	     729.39	    1277.37	     729.39	         8.15	            3
       381	   60130000	         131.461	     963.44	     848.89	    1086.31	     848.89	         6.49	            1
       382	   60145000	          92.563	    1019.49	     945.14	    1084.97	     945.14	         4.03	            1
       383	   60150000	         871.655	     973.98	     743.06	    1084.97	     743.06	         5.33	            2
       384	   60220000	        1074.431	    1158.63	     967.09	    1401.58	     967.09	        11.49	            3
       385	   60250000	        1310.453	    1059.57	     873.84	    1373.00	     873.84	        11.32	            3
       386	   60265000	        1374.028	    1052.14	     873.81	    1275.48	     873.81	         9.95	            3
       387	   60381000	         791.998	     939.53	     812.17	     992.45	     812.17	         3.02	            2
       388	   60432000	         223.856	    1034.76	     916.24	    1156.03	     914.93	         6.24	            2
       389	   60615000	         194.995	     826.67	     745.92	     924.45	     745.92	         3.48	            1
       390	   60635000	         533.581	     882.70	     747.73	    1083.49	     747.73	         9.11	            2
       391	   60640000	        1744.733	     849.94	     702.82	    1142.09	     702.82	         7.89	            3
       392	   60642000	         764.649	     881.11	     701.75	    1152.87	     701.75	         8.18	            2
       393	   60650000	        2839.807	     851.08	     694.85	    1152.87	     694.85	         7.54	            3
       394	   60653000	          51.015	    1055.08	     966.64	    1155.96	     966.64	         6.18	            1
       395	   60654000	        1296.824	     890.94	     654.97	    1155.96	     654.97	         8.17	            3
       396	   60665000	        1254.465	     790.03	     613.25	    1001.11	     613.25	         6.73	            3
       397	   60680000	       11538.334	     755.51	     441.13	    1155.96	     441.13	         6.88	            4
       398	   60715000	        4651.208	     710.03	     544.12	    1051.49	     544.12	         6.87	            4
       399	   60750000	        2646.985	     653.09	     526.99	     946.17	     526.99	         5.33	            3
       400	   60765000	        7896.744	     591.80	     448.27	     946.17	     448.27	         4.15	            4
       401	   60772000	       17286.450	     618.93	     432.78	    1051.49	     432.78	         5.08	            5
       402	   60774000	        1013.946	     884.82	     686.82	    1042.76	     686.82	         3.98	            2
       403	   60778000	         807.101	     839.05	     639.15	     982.95	     639.15	         3.72	            2
       404	   60781000	        5956.754	     801.48	     548.64	    1042.76	     548.64	         3.65	            4
       405	   60785005	        1169.275	     811.81	     641.69	     936.00	     641.69	         3.92	            2
       406	   60790000	        8759.966	     770.99	     522.42	    1042.76	     522.42	         3.71	            4
       407	   60798000	       12801.457	     725.95	     444.23	    1042.76	     444.23	         3.77	            4
       408	   60810000	        1360.473	     641.77	     447.27	     868.04	     447.27	         3.14	            3
       409	   60845000	        6332.969	     736.87	     495.13	     999.98	     495.13	         5.53	            3
       410	   60850000	        2458.482	     685.77	     537.76	     912.26	     537.76	         6.61	            3
       411	   60855000	        5242.033	     637.44	     452.25	     912.26	     452.25	         6.24	            3
       412	   60870000	        1632.705	     611.97	     438.40	     882.52	     438.40	         5.89	            3
       413	   60895000	        1283.713	     885.62	     749.30	    1033.81	     749.38	         3.46	            3
       414	   60910000	         644.300	     864.85	     653.71	     997.41	     653.71	         4.24	            2
       415	   60925001	        3521.968	     480.44	     356.69	     758.85	     356.69	         5.02	            3
       416	   60930000	        1459.257	     831.55	     723.03	     894.23	     723.03	         1.41	            3
       417	   60940000	        3187.143	     804.71	     668.82	     895.64	     668.82	         2.57	            3
       418	   60950000	        6805.523	     674.18	     363.90	     895.64	     363.90	         3.47	            3
       419	   60970000	        5226.763	     680.85	     402.80	     866.02	     405.00	         3.72	            3
       420	   61009000	         533.848	    1299.23	    1106.13	    2233.91	    1106.13	        21.23	            2
       421	   61012000	        2097.924	    1158.77	     928.37	    2233.91	     928.37	        15.12	            3
       422	   61014000	         222.048	    1718.58	    1110.00	    2628.19	    1110.00	        30.48	            1
       423	   61024000	         538.007	    1539.68	     978.65	    2628.19	     978.65	        28.47	            2
       424	   61031000	         102.870	    1330.34	    1082.48	    1967.10	    1082.48	        23.91	            1
       425	   61045000	         393.564	    1107.42	     933.38	    1674.90	     933.12	        16.04	            2
       426	   61052000	         277.606	    1107.38	     945.92	    1474.25	     945.92	        16.23	            2
       427	   61060000	        1979.746	    1224.86	     932.81	    2628.19	     932.81	        19.50	            4
       428	   61075000	        1019.460	    1089.80	     900.92	    1758.94	     900.92	        12.55	            3
       429	   61078000	        1843.024	    1067.03	     856.12	    1758.94	     856.12	        12.35	            3
       430	   61085000	         414.540	    1133.33	    1024.18	    1271.40	    1024.18	        13.62	            2
       431	   61090000	        1046.148	    1112.41	     921.64	    1271.40	     921.64	        12.55	            2
       432	   61100000	         188.056	    1113.53	    1017.27	    1395.73	    1017.27	        13.60	            1
       433	   61105000	         837.860	    1064.16	     897.92	    1395.73	     897.92	        11.62	            2
       434	   61107000	        2751.741	    1077.40	     888.85	    1395.73	     888.85	        12.17	            3
       435	   61115000	         651.327	    1077.11	     900.10	    1376.40	     900.10	        10.86	            2
       436	   61122000	         275.432	    1032.39	     905.38	    1133.83	     902.51	         9.13	            2
       437	   61135000	        6129.414	    1040.77	     856.81	    1395.73	     856.81	        11.87	            3
       438	   61173000	         393.830	     971.23	     841.83	    1200.90	     829.48	        11.92	            3
       439	   61267000	         113.179	    1496.15	    1196.73	    2038.33	    1196.73	        24.66	            1
       440	   61271000	         866.058	    1467.34	     848.70	    2039.57	     848.70	        24.15	            3
       441	   61295000	         157.615	    1151.93	     858.62	    1873.69	     859.27	        27.38	            1
       442	   61460000	        1854.573	    1133.05	     852.90	    2768.58	     852.90	        21.50	            3
       443	   61473000	         614.844	    1308.27	     878.60	    2386.13	     878.60	        22.92	            2
       444	   61500000	         743.641	    1100.04	     862.05	    1986.78	     862.05	        20.61	            3
       445	   61510000	        4215.579	    1109.81	     843.01	    2768.58	     843.01	        19.76	            4
       446	   61520000	         861.970	     981.28	     842.73	    1419.07	     842.73	        11.69	            2
       447	   61537000	        6359.681	    1057.68	     789.10	    2768.58	     789.10	        17.05	            4
       448	   61610000	         890.172	     980.60	     799.52	    1241.00	     799.52	        13.78	            2
       449	   61700000	         476.174	     955.94	     745.71	    1268.05	     745.71	        11.24	            2
       450	   61770000	         227.570	     995.44	     882.88	    1266.63	     882.88	        10.05	            1
       451	   61800500	         357.573	    1223.14	    1062.30	    1782.84	    1062.30	        16.86	            2
       452	   61815000	          76.182	     960.11	     831.74	    1165.98	     831.74	        12.85	            1
       453	   61826000	         661.763	     850.80	     580.28	    1217.64	     580.28	        11.59	            2
       454	   61830000	        8544.910	     910.69	     523.90	    1790.43	     523.90	        11.51	            4
       455	   61861000	         467.181	    1194.45	     856.11	    1689.61	     856.11	        18.65	            2
       456	   61865000	         938.934	    1072.02	     821.83	    1689.61	     821.83	        16.19	            2
       457	   61879000	        1143.584	    1131.30	     676.10	    1683.37	     676.10	        16.54	            3
       458	   61886000	        4700.561	     932.29	     579.45	    1689.61	     579.45	        13.68	            4
       459	   61902000	       10205.989	     812.08	     539.85	    1703.36	     539.85	        10.07	            4
       460	   61912000	       13697.736	     773.26	     506.46	    1703.36	     506.46	         9.20	            4
       461	   61915000	       17413.705	     736.05	     491.89	    1703.36	     491.89	         8.23	            4
       462	   62395000	         616.677	     813.71	     675.89	    1262.89	     675.89	        11.77	            2
       463	   62600000	        1700.286	    1127.20	     783.43	    2013.24	     783.43	        18.08	            3
       464	   62615000	        2198.040	    1058.57	     571.84	    2013.24	     571.84	        17.07	            3
       465	   62625000	         649.430	    1018.77	     671.52	    1540.25	     671.52	        16.31	            2
       466	   62665000	         433.860	    1117.88	     794.71	    1988.99	     794.71	        21.73	            2
       467	   62670000	        1147.097	     976.83	     748.39	    1988.99	     748.39	        18.83	            3
       468	   62760130	         218.291	     772.20	     697.87	     966.65	     697.87	         4.97	            2
       469	   63350100	       14453.613	     496.18	     300.07	     768.06	     300.07	         3.53	            4
       470	   63900001	        8319.139	     545.70	     349.22	     742.11	     350.41	         3.63	            4
       471	   63955000	       13564.706	     434.48	     281.77	     700.25	     281.77	         2.91	            4
       472	   64065000	        1529.339	     745.32	     615.31	    1121.25	     615.31	         9.66	            3
       473	   64360000	        2021.540	     798.01	     481.89	    1276.28	     481.89	        11.71	            3
       474	   64362000	        3982.838	     678.89	     433.91	    1276.28	     433.91	        10.07	            3
       475	   64380000	        1030.364	     746.29	     531.01	    1097.17	     531.01	        12.97	            3
       476	   64382000	        2618.022	     652.54	     456.25	    1107.51	     456.25	        10.80	            3
       477	   64442800	        1351.873	     859.27	     782.93	    1069.44	     782.93	         7.61	            3
       478	   64447000	        5738.476	     863.98	     776.53	    1146.97	     776.53	         7.70	            4
       479	   64465000	        8945.058	     880.36	     696.70	    1243.99	     696.70	         8.24	            4
       480	   64501000	       18772.930	     870.23	     417.51	    1352.63	     417.51	         9.83	            4
       481	   64507000	       21955.495	     831.64	     338.64	    1352.63	     338.64	         9.88	            4
       482	   64508500	        1050.771	     641.41	     366.68	    1152.34	     366.68	         9.44	            2
       483	   64550000	        4492.920	     523.27	     306.47	     870.69	     305.78	         6.46	            3
       484	   64613000	        4473.181	     410.36	     291.83	     618.65	     291.83	         2.03	            3
       485	   64617000	       31870.966	     407.00	     246.12	     736.19	     246.12	         2.52	            4
       486	   64620000	        1088.913	     854.42	     735.11	    1290.37	     735.11	        10.11	            3
       487	   64625000	        3570.012	     796.84	     488.42	    1323.33	     488.42	        12.60	            3
       488	   64645000	        8562.563	     808.93	     425.93	    1324.70	     425.93	        12.62	            4
       489	   64652000	        2615.365	     668.68	     401.69	    1284.78	     401.69	        15.10	            3
       490	   64655000	       12722.157	     758.53	     361.14	    1324.70	     361.14	        13.15	            4
       491	   64659000	        3287.556	     613.92	     318.26	    1155.49	     318.26	        14.65	            4
       492	   64673000	        1535.397	     598.22	     310.89	     853.74	     310.89	         7.44	            3
       493	   64675002	       23134.846	     665.75	     274.99	    1324.70	     274.99	        12.24	            5
       494	   64682000	         812.999	     459.63	     281.37	     613.74	     281.37	         6.00	            2
       495	   64685000	       28445.269	     621.92	     250.57	    1324.70	     250.57	        11.09	            5
       496	   64693000	       34433.542	     577.41	     238.62	    1324.70	     238.62	        10.07	            5
       497	   64715001	        7162.888	     436.05	     261.68	     666.62	     261.68	         3.42	            4
       498	   64771500	        4170.759	     770.62	     358.59	    1234.15	     358.59	        15.28	            4
       499	   64773000	         914.807	     810.65	     454.84	    1226.75	     454.84	        17.59	            2
       500	   64775000	        2148.922	     687.29	     351.19	    1226.75	     351.19	        15.12	            3
       501	   64785000	        1138.409	     623.35	     350.98	     859.39	     350.98	         7.30	            3
       502	   64795000	       11174.373	     668.03	     292.48	    1234.15	     292.48	        13.39	            4
       503	   64799500	       12841.262	     646.11	     283.26	    1234.15	     283.26	        12.55	            4
       504	   64810000	        2032.343	     500.73	     329.16	     767.16	     329.16	         6.27	            3
       505	   64815000	        2962.575	     465.03	     282.60	     767.16	     282.60	         6.17	            3
       506	   64820000	       17434.922	     593.86	     264.89	    1234.15	     264.89	        10.90	            4
       507	   64830000	       20962.664	     564.09	     241.24	    1234.15	     241.24	        10.06	            4
       508	   64843000	      753136.574	     600.71	     218.29	    2013.24	     218.29	         6.05	            7
       509	   65010000	         105.544	     926.64	     877.63	    1255.89	     877.63	         7.16	            1
       510	   65015400	         258.854	     926.25	     871.66	    1287.16	     871.66	         6.88	            2
       511	   65025000	        2302.421	     924.00	     862.76	    1438.32	     862.76	         5.81	            3
       512	   65027000	         231.427	     930.73	     862.76	    1063.29	     862.76	         7.01	            1
       513	   65094500	        2645.777	     893.32	     785.27	    1514.96	     785.27	         8.91	            4
       514	   65095000	        2614.648	     893.94	     785.46	    1514.96	     785.46	         8.90	            4
       515	   65135000	         606.231	     913.78	     811.98	    1270.13	     811.98	         7.64	            2
       516	   65136550	         956.915	     896.99	     801.92	    1270.13	     800.07	         7.66	            2
       517	   65220000	       18622.332	     868.72	     754.03	    1514.96	     754.03	         7.57	            4
       518	   65310000	       24268.301	     885.75	     744.34	    1514.96	     744.34	         8.22	            4
       519	   65365000	         171.186	     975.17	     785.80	    1253.98	     785.80	        12.02	            1
       520	   65925000	        1657.608	    1095.65	     800.41	    1348.12	     800.41	         7.16	            3
       521	   65945000	         494.408	     732.29	     525.53	    1054.13	     525.53	         9.97	            2
       522	   65948000	         338.482	     762.09	     623.35	     962.64	     623.35	        11.69	            2
       523	   65960000	        6696.644	     807.32	     403.66	    1348.12	     407.78	         9.92	            4
       524	   65979000	        1312.978	     589.97	     271.40	     848.02	     271.40	        12.39	            3
       525	   66260001	       23685.473	     373.55	     147.78	     903.21	     147.78	         5.87	            5
       526	   67100000	      572536.945	     247.87	      73.52	    1880.29	      73.52	         2.80	            7
       527	   70100000	         534.510	    1396.66	    1082.59	    1797.81	    1082.59	        16.67	            2
       528	   70200000	        2828.852	    1212.14	     777.55	    1797.81	     777.55	        15.87	            3
       529	   70300000	        1161.210	    1300.83	     979.50	    1760.84	     979.50	        15.76	            3
       530	   70500000	         490.176	    1114.78	     931.95	    1333.17	     931.95	         8.19	            2
       531	   71200000	        1015.692	    1187.43	     845.52	    1815.25	     845.52	        22.86	            2
       532	   71250000	         487.071	    1110.00	     855.09	    1815.67	     856.03	        23.46	            2
       533	   71300000	        1997.387	    1108.23	     844.27	    1815.67	     844.27	        20.52	            3
       534	   71383000	        4725.468	     987.39	     826.03	    1815.67	     826.03	        13.33	            3
       535	   71498000	        3682.281	    1018.22	     760.34	    1438.13	     760.34	         9.93	            4
       536	   71550000	       10145.347	     984.19	     696.36	    1815.67	     696.36	        11.58	            4
       537	   72430000	        1622.051	     740.57	     573.60	     934.02	     573.60	         8.23	            3
       538	   72630000	        2797.132	     657.74	     418.04	     922.71	     418.04	        10.93	            3
       539	   72680000	        3656.296	     648.81	     392.86	     922.71	     392.86	        11.89	            3
       540	   72715000	         801.936	    1042.09	     784.44	    1374.39	     784.44	        11.15	            2
       541	   72810000	        2009.157	     999.62	     639.40	    1381.18	     639.40	        14.06	            3
       542	   72870000	         420.748	     821.40	     527.25	    1097.70	     526.40	        13.37	            2
       543	   73300000	         654.243	    1013.89	     614.50	    1282.87	     614.50	        13.83	            2
       544	   73330000	         933.804	     950.02	     470.95	    1282.87	     470.95	        16.37	            2
       545	   73350000	        1501.511	     840.13	     281.58	    1282.87	     287.34	        17.64	            3
       546	   73600000	        1837.262	    1095.51	     741.93	    1373.05	     741.93	         8.41	            2
       547	   73690001	         740.559	    1108.19	     796.00	    1345.11	     796.00	        10.82	            2
       548	   73765000	         256.571	     611.88	     362.52	     880.32	     362.52	        18.79	            2
       549	   73770000	        5556.700	     891.49	     327.90	    1373.05	     327.90	        11.25	            3
       550	   73780000	         642.037	     688.72	     359.19	     969.63	     359.19	        18.12	            2
       551	   73820000	        1032.615	     638.90	     307.27	     969.63	     307.27	        17.94	            3
       552	   73900000	         417.941	     525.09	     273.24	     779.72	     273.24	        13.05	            2
       553	   73960000	        8246.901	     780.21	     230.88	    1373.05	     230.88	        13.16	            4
       554	   74100000	       62087.865	     844.61	     205.33	    1815.67	     205.78	        13.21	            5
       555	   74205000	         436.195	     540.56	     351.76	     696.31	     351.76	         9.63	            3
       556	   74270000	        5343.739	     490.86	     211.88	     702.29	     211.88	        10.40	            4
       557	   74295000	         299.573	     501.61	     251.35	     733.57	     248.53	        14.07	            2
       558	   74320000	         608.194	     668.34	     323.97	     945.96	     323.97	        17.21	            3
       559	   74370000	        2020.700	     491.73	     207.66	     630.87	     207.66	         8.98	            3
       560	   74460000	         483.272	     515.17	     432.28	     606.20	     432.28	         6.21	            2
       561	   74470000	        1537.746	     461.49	     209.37	     606.20	     209.37	         8.39	            2
       562	   74700000	        1139.382	     321.81	     140.54	     458.45	     140.54	         6.40	            2
       563	   74750000	         328.259	     312.56	     204.19	     433.26	     204.19	         6.34	            2
       564	   74800000	       95333.985	     692.10	      87.19	    1815.67	      87.19	        12.71	            5
       565	   74880000	         820.125	     313.94	     171.65	     458.01	     171.65	         5.99	            2
       566	   74900000	        1260.502	     274.67	     108.03	     458.01	     108.59	         6.23	            2
       567	   75550000	      116178.977	     617.13	      64.00	    1815.67	      64.00	        11.42	            5
       568	   76310000	       12092.547	     167.91	      88.79	     451.51	      88.79	         3.33	            5
       569	   77150000	      190597.850	     433.72	      41.26	    1815.67	      41.26	         8.27	            6
       570	   81125000	         406.719	     856.53	     411.22	    1278.76	     419.00	        13.81	            2
       571	   81140000	         437.240	     712.56	     315.28	    1224.47	     315.28	        21.97	            2
       572	   81200000	        7384.906	     755.71	     166.36	    1328.14	     166.36	        18.25	            4
       573	   82009080	         105.422	     190.31	       2.23	     729.73	       2.23	        20.42	            1
       574	   82170000	         210.746	     577.78	       9.21	    1493.63	       9.21	        24.72	            2
       575	   82320000	         182.935	     741.35	     103.78	     970.71	      99.02	        16.87	            2
       576	   82350000	         792.456	     567.23	      31.81	    1137.56	      31.81	        20.59	            3
       577	   82770000	         419.777	     146.04	       5.82	    1075.73	       5.82	        12.91	            3
       578	   83050000	        1573.131	     689.74	     348.13	    1348.02	     347.81	        18.16	            3
       579	   83105000	         435.803	     884.43	     449.19	    1737.77	     449.19	        22.95	            3
       580	   83250000	        1651.036	     700.48	     360.69	    1737.77	     360.69	        18.46	            3
       581	   83300200	        5086.003	     634.94	     340.05	    1737.77	     340.05	        16.52	            4
       582	   83345000	        1432.133	     676.34	     337.84	    1241.22	     337.84	        17.83	            3
       583	   83440000	        3338.102	     607.75	     149.81	    1241.22	     149.81	        18.43	            4
       584	   83660000	         731.539	     720.03	     139.74	    1043.08	     151.68	        17.26	            2
       585	   83675000	         538.315	     689.31	      70.07	    1035.85	      70.07	        17.63	            2
       586	   83690000	        9773.921	     597.51	      62.36	    1737.77	      62.36	        17.67	            5
       587	   83800002	       11957.855	     580.67	      15.97	    1737.77	      15.97	        17.74	            5
       588	   83880000	         103.777	     233.45	      61.30	     683.46	      61.30	        17.33	            1
       589	   84071000	        1027.569	     701.01	      38.32	    1203.01	      38.32	        21.26	            3
       590	   84095000	         601.573	     569.76	      30.84	    1101.80	      33.43	        24.59	            2
       591	   84100000	         407.102	     561.85	      58.73	    1265.02	      56.77	        24.39	            2
       592	   84520000	         375.824	     797.38	     317.92	    1371.26	     317.92	        23.39	            2
       593	   84551000	         380.151	     449.60	      83.77	    1605.79	      83.77	        19.36	            3
       594	   84580000	        2746.316	     473.31	      16.71	    1797.07	      16.71	        20.03	            4
       595	   84600000	         844.013	     460.54	      18.74	    1251.61	      18.74	        19.74	            2
       596	   84853000	         350.381	     397.31	      16.06	    1371.92	      16.06	        26.64	            2
       597	   85400000	       14009.699	     436.10	      40.93	     774.59	      40.93	         7.88	            4
       598	   85438000	         929.115	     190.79	      38.28	     513.36	      38.28	         9.11	            2
       599	   85480000	        2967.180	     172.26	      66.87	     461.40	      66.87	         4.59	            3
       600	   85900000	       38774.114	     262.82	       7.89	     774.59	       7.89	         7.45	            5
       601	   86100000	        1733.610	     989.45	     589.08	    1266.09	     589.08	        13.92	            3
       602	   86160000	        1112.328	     900.46	     630.89	    1052.44	     630.89	         7.75	            2
       603	   86410000	        2823.189	     773.97	     366.04	     982.98	     371.32	         8.23	            4
       604	   86420000	         317.024	     734.56	     618.79	     885.73	     618.79	         7.42	            2
       605	   86480000	        1282.421	     722.25	     466.49	     921.01	     466.49	        12.47	            3
       606	   86500000	        1820.637	     675.68	     252.51	     921.01	     252.51	        13.48	            3
       607	   86510000	       15997.267	     751.58	      49.05	    1266.09	      51.81	        13.76	            5
       608	   86560000	        2032.996	     589.33	     207.28	     824.52	     207.28	        14.21	            3
       609	   86580000	        2465.503	     559.91	      53.80	     824.52	      53.80	        15.49	            3
       610	   86700000	         435.130	     472.05	      61.09	     763.67	      61.09	        22.43	            2
       611	   86745000	         791.748	     593.10	      78.60	     814.61	      80.03	        18.88	            2
       612	   87170000	        3015.761	     616.76	      12.72	    1028.25	      12.72	        17.36	            3
       613	   87380000	        2932.736	     314.99	       7.16	     987.75	       7.16	        18.84	            4
       614	   87382000	        3134.269	     298.10	       6.36	     987.75	       6.36	        18.06	            4
       615	   87450100	          57.886	      89.80	      11.88	     299.10	      11.88	         9.58	            1
       616	   88575000	        1050.820	     283.48	      87.00	     477.92	      86.49	         7.77	            3
       617	   88750000	         130.358	     126.48	      24.74	     345.68	      24.74	         7.61	            2
       618	   88850000	         369.985	     226.13	      33.61	     508.36	      33.61	         8.96	            2
       619	   12400000	        1052.581	     287.58	     219.93	     582.98	     219.93	         5.59	            3
       620	   20200000	        3688.594	     729.64	     560.92	    1091.31	     560.92	         7.25	            3
       621	   21300000	        3787.691	     779.76	     502.36	    1034.26	     502.36	         6.85	            4
       622	   21560000	        2866.765	     621.90	     414.47	    1031.60	     414.47	         5.73	            4
       623	   22050001	      128698.069	     635.10	     231.72	    1668.27	     231.72	         8.49	            6
       624	   22500000	      185598.764	     545.78	     176.72	    1668.27	     176.72	         7.34	            6
       625	   25100000	         228.860	     653.37	     427.62	    1054.87	     427.62	        12.70	            2
       626	   26040000	        5329.363	     675.09	     552.92	     907.04	     552.92	         2.34	            4
       627	   31490000	        3364.019	      74.22	      35.54	     158.55	      35.54	         2.99	            4
       628	   31520000	        4856.465	      70.24	      14.70	     160.36	      14.70	         3.06	            4
       629	   31600000	          31.835	      77.32	      54.61	      92.44	      54.61	         1.38	            1
       630	   32400000	        1702.492	      75.82	      32.39	     176.40	      32.39	         3.39	            3
       631	   33075000	        4756.530	     261.42	      62.54	     451.36	      62.54	         8.33	            3
       632	   34660000	      238369.408	     391.59	      67.30	     853.83	      67.30	         5.17	            7
       633	   40040000	         244.590	     844.44	     721.23	    1202.07	     721.23	        10.34	            2
       634	   40053000	         297.917	     776.04	     648.44	     944.35	     648.37	         9.12	            1
       635	   40060001	         574.053	     979.44	     662.73	    1277.05	     662.73	        15.69	            2
       636	   40150000	        2529.069	     937.73	     736.00	    1336.15	     736.00	        13.32	            3
       637	   40170000	        1055.289	     842.49	     718.01	    1185.07	     718.01	        11.18	            3
       638	   40185000	        1930.291	     847.67	     704.77	    1240.35	     704.77	        11.20	            4
       639	   40269900	         343.216	    1002.15	     811.90	    1217.92	     811.90	        12.89	            2
       640	   40300001	        1576.081	     864.58	     646.06	    1217.93	     646.06	        12.33	            3
       641	   40330000	        7433.014	     863.29	     636.02	    1336.15	     636.02	        11.85	            4
       642	   40500000	         777.398	     686.04	     607.25	     881.67	     607.25	         5.32	            3
       643	   40530000	         475.281	     697.29	     607.09	    1006.52	     607.09	         8.77	            2
       644	   40680000	         493.765	     999.06	     864.39	    1282.82	     864.39	        11.61	            3
       645	   40740000	        4177.476	     990.80	     742.62	    1611.64	     742.62	        14.29	            4
       646	   40800001	        6287.908	     958.57	     706.44	    1611.64	     706.44	        13.82	            4
       647	   40810350	           8.553	     976.16	     875.46	    1120.81	     871.42	        16.16	            1
       648	   40810800	          56.119	     949.39	     809.56	    1309.54	     809.56	        16.71	            1
       649	   40811100	         114.535	     929.62	     778.58	    1309.54	     778.58	        14.99	            1
       650	   40823500	         154.722	     890.04	     737.25	    1268.10	     737.25	        14.69	            1
       651	   40850000	        8859.506	     909.71	     664.20	    1611.64	     664.20	        12.61	            4
       652	   40930000	         885.199	     974.22	     763.19	    1214.07	     763.19	        13.23	            3
       653	   40975000	         978.147	     890.64	     706.56	    1165.18	     706.56	        10.61	            2
       654	   41050000	        1202.098	     918.22	     747.13	    1147.46	     747.13	        10.79	            3
       655	   41135000	       62480.044	     793.00	     480.62	    1611.64	     480.62	         9.13	            5
       656	   41199998	        1701.934	    1110.20	     735.86	    1861.10	     735.86	        18.64	            3
       657	   41260000	        3779.599	     986.79	     673.28	    1861.10	     673.28	        16.05	            3
       658	   41380000	         570.768	     842.36	     649.49	    1617.55	     649.49	        12.23	            3
       659	   41410000	        7173.076	     907.40	     614.29	    1861.10	     614.29	        13.88	            4
       660	   41440005	         240.687	     795.96	     672.33	    1034.34	     672.33	         8.42	            2
       661	   41685000	         531.646	     650.50	     552.60	     842.04	     551.46	         4.42	            2
       662	   41780002	        4039.227	    1033.24	     555.44	    1685.68	     555.44	        13.91	            4
       663	   41890000	        1437.691	     902.50	     541.76	    1502.15	     541.76	        11.05	            3
       664	   42187000	        1331.501	     850.85	     697.10	    1090.18	     697.10	         5.89	            2
       665	   42250000	         463.984	     749.38	     593.35	    1010.78	     593.35	         9.91	            2
       666	   42257000	        2017.028	     694.12	     521.70	    1011.22	     521.70	         7.86	            3
       667	   42365000	        3376.631	     800.85	     534.45	    1102.74	     534.45	         8.46	            3
       668	   42435000	        1603.363	     661.94	     513.00	    1002.58	     513.00	         6.30	            3
       669	   42460000	        3928.366	     927.48	     638.90	    1191.06	     638.90	         4.38	            4
       670	   42490000	        5385.224	     877.82	     560.37	    1191.06	     560.37	         5.50	            4
       671	   42546000	         556.227	     814.36	     651.38	    1001.17	     651.38	         6.82	            2
       672	   42840000	         210.081	     889.64	     764.67	     988.06	     764.67	         7.06	            1
       673	   42860000	        5757.846	     762.22	     506.12	     989.25	     506.12	         6.05	            3
       674	   45170001	        5942.788	     733.89	     498.19	     946.86	     498.19	         3.34	            4
       675	   45590000	        3896.853	     793.92	     567.37	    1017.21	     567.07	         1.97	            3
       676	   45740001	        9203.717	     763.98	     508.95	    1003.60	     508.95	         1.83	            4
       677	   45770000	        5634.991	     796.85	     488.61	    1016.02	     488.61	         2.44	            4
       678	   45880000	        9150.017	     767.63	     458.27	     953.34	     458.27	         2.59	            4
       679	   46415000	        4899.826	     779.76	     520.77	    1031.71	     520.06	         1.31	            3
       680	   46455000	        6413.134	     796.74	     521.18	    1022.83	     521.18	         1.22	            4
       681	   46490000	        4488.899	     762.86	     509.06	     871.72	     509.06	         1.78	            4
       682	   46543000	        5416.574	     760.10	     482.52	     923.56	     482.52	         1.82	            4
       683	   46570000	        2721.092	     807.37	     722.34	     905.51	     722.34	         0.67	            3
       684	   46590000	        7513.524	     755.91	     459.22	     905.51	     459.22	         2.19	            4
       685	   46770000	        7081.820	     738.07	     502.05	     898.83	     502.05	         2.06	            4
       686	   46998000	      428574.986	     696.09	     400.96	    2016.37	     400.96	         5.51	            6
       687	   47249000	        6885.759	     787.47	     412.48	    1759.36	     412.48	         8.03	            5
       688	   48850000	       10029.445	     580.23	     383.03	    1166.31	     383.03	         6.38	            4
       689	   53790000	       26647.238	     779.52	     209.32	    1750.21	     209.32	         9.29	            4
       690	   58442000	        2088.834	     933.84	     272.77	    2248.29	     272.77	        30.50	            4
       691	   58826000	         169.152	    1150.46	     849.67	    2220.02	     849.67	        29.44	            2
       692	   58846000	        1400.872	     886.35	     254.77	    2242.95	     254.77	        28.71	            3
       693	   58857000	         352.352	     696.54	     358.05	    1396.34	     358.05	        25.49	            2
       694	   58880001	       47380.916	     660.50	      14.41	    2776.27	      14.41	        20.06	            5
       695	   60030000	        8414.529	     912.45	     759.68	    1253.59	     759.68	         4.96	            3
       696	   60435100	          19.584	    1120.17	    1041.30	    1286.21	    1041.30	         4.64	            1
       697	   60477400	         233.390	    1166.24	    1014.35	    1304.49	    1014.35	         5.27	            2
       698	   60477600	         129.844	    1104.10	    1007.25	    1250.53	    1007.25	         3.26	            2
       699	   60478500	         130.622	    1109.77	    1016.53	    1271.75	    1016.53	         4.20	            1
       700	   60478600	          31.630	    1122.81	    1007.58	    1174.39	    1007.38	         3.54	            1
       701	   60500000	        4147.602	    1004.82	     771.49	    1304.49	     771.49	         6.15	            3
       702	   60540000	        3695.385	     895.50	     685.20	    1118.43	     685.20	         6.63	            3
       703	   61175000	        1032.415	     962.20	     809.97	    1483.48	     809.97	        11.32	            3
       704	   61565000	         355.307	    1261.49	     837.39	    1476.62	     837.39	        11.86	            2
       705	   61795000	        1985.764	     738.63	     493.82	    1037.15	     493.82	         6.13	            3
       706	   61910000	       12383.247	     791.10	     523.46	    1703.36	     523.46	         9.68	            4
       707	   61956001	         624.609	     565.84	     487.84	     761.74	     487.84	         6.03	            2
       708	   62095100	         117.403	     996.03	     792.09	    1237.51	     792.09	        16.74	            1
       709	   62110000	         668.780	     862.83	     740.19	    1237.51	     740.19	        13.04	            2
       710	   62496001	        1559.233	     703.70	     526.85	    1197.97	     526.85	         9.32	            3
       711	   62676000	        1936.153	     920.10	     720.01	    1988.99	     720.01	        16.22	            3
       712	   62772500	         410.380	     695.94	     485.42	     887.06	     485.42	         5.93	            2
       713	   63160000	        3659.090	     480.92	     360.12	     696.19	     360.12	         7.16	            4
       714	   64346000	         647.626	     449.03	     351.98	     565.01	     351.98	         4.40	            2
       715	   64370000	        5627.603	     639.82	     384.60	    1276.28	     384.60	         9.91	            3
       716	   64491000	       16141.779	     886.06	     517.05	    1352.63	     517.05	         9.02	            4
       717	   65019700	         259.179	     954.26	     869.27	    1211.91	     869.27	         6.23	            1
       718	   65415000	         326.366	    1044.52	     853.77	    1223.03	     853.77	        11.79	            2
       719	   65855000	        1493.893	     837.94	     536.92	    1221.32	     536.92	        11.64	            3
       720	   66006000	        1608.990	     382.78	     210.26	     575.68	     210.26	         3.72	            4
       721	   66008000	        1302.357	     415.64	     157.87	     933.42	     157.87	        10.53	            2
       722	   66160000	        4390.614	     366.06	     205.95	     773.79	     205.95	         5.43	            4
       723	   75155000	        2007.057	     466.11	     299.90	     602.30	     299.90	         6.75	            3
       724	   75205000	         966.827	     369.87	     237.29	     480.47	     237.29	         5.52	            3
       725	   75450000	        3233.574	     272.39	     136.43	     501.26	     136.43	         4.92	            4
       726	   76100000	        2792.877	     366.75	     100.32	     535.42	     100.18	         7.83	            3
       727	   76300000	        6004.770	     151.32	      92.83	     371.93	      92.83	         3.43	            5
       728	   76440000	        2324.391	     346.54	      99.76	     539.62	      99.76	         6.44	            3
       729	   76460000	         918.881	     325.87	     124.95	     454.96	     124.95	         6.49	            3
       730	   81380000	       14721.242	     686.65	      24.62	    1818.10	      24.62	        20.50	            4
       731	   81683000	       21026.618	     598.23	       6.18	    1818.10	       6.18	        19.67	            5
       732	   84950000	         986.405	     315.30	       7.98	    1299.68	       7.98	        19.08	            3
       733	   87160000	        2026.303	     748.21	      62.84	    1028.25	      62.84	        15.32	            3
       734	   87399000	        1418.977	      47.79	       5.48	     377.42	       5.48	         3.60	            3
       735	   87400000	        1664.714	      55.72	       5.48	     377.42	       5.48	         4.32	            3
